Island.group,Lat,Long,Management,Site,Transect,FP.old,FP.null
Haapai,-19.773982,-174.374937,Open,Airport outer 1,1,15.2173996,15.10789967
Haapai,-19.773982,-174.374937,Open,Airport outer 1,2,15.2173996,15.10789967
Haapai,-19.773982,-174.374937,Open,Airport outer 1,3,15.2173996,15.10789967
Haapai,-19.773982,-174.374937,Open,Airport outer 1,4,15.2173996,15.10789967
Haapai,-19.768289,-174.367161,Open,Airport outer 2,1,15.2173996,15.10789967
Haapai,-19.768289,-174.367161,Open,Airport outer 2,2,15.2173996,15.10789967
Haapai,-19.768289,-174.367161,Open,Airport outer 2,3,15.2173996,15.10789967
Haapai,-19.768289,-174.367161,Open,Airport outer 2,4,15.2173996,15.10789967
Haapai,-19.757661,-174.338579,Open,Causeway north point,1,15.94200039,15.82730007
Haapai,-19.757661,-174.338579,Open,Causeway north point,2,15.94200039,15.82730007
Haapai,-19.757661,-174.338579,Open,Causeway north point,3,15.94200039,15.82730007
Haapai,-19.757661,-174.338579,Open,Causeway north point,4,15.94200039,15.82730007
Haapai,-19.691707,-174.28115,FHR 2018,Fakakakai FHR,1,12.31879997,12.23019981
Haapai,-19.691707,-174.28115,FHR 2018,Fakakakai FHR,2,12.31879997,12.23019981
Haapai,-19.691707,-174.28115,FHR 2018,Fakakakai FHR,3,12.31879997,12.23019981
Haapai,-19.691707,-174.28115,FHR 2018,Fakakakai FHR,4,12.31879997,12.23019981
Haapai,-19.685722,-174.284949,SMA 2018,Fakakakai SMA,1,12.31879997,12.23019981
Haapai,-19.685722,-174.284949,SMA 2018,Fakakakai SMA,2,12.31879997,12.23019981
Haapai,-19.685722,-174.284949,SMA 2018,Fakakakai SMA,3,12.31879997,12.23019981
Haapai,-19.685722,-174.284949,SMA 2018,Fakakakai SMA,4,12.31879997,12.23019981
Haapai,-19.748558,-174.371518,Open,Fakau osi,1,14.49279976,14.38850021
Haapai,-19.748558,-174.371518,Open,Fakau osi,2,14.49279976,14.38850021
Haapai,-19.748558,-174.371518,Open,Fakau osi,3,14.49279976,14.38850021
Haapai,-19.748558,-174.371518,Open,Fakau osi,4,14.49279976,14.38850021
Haapai,-19.749174,-174.328014,Open,Fangale'ounga,1,16.66670036,16.54680061
Haapai,-19.749174,-174.328014,Open,Fangale'ounga,2,16.66670036,16.54680061
Haapai,-19.749174,-174.328014,Open,Fangale'ounga,3,16.66670036,16.54680061
Haapai,-19.749174,-174.328014,Open,Fangale'ounga,4,16.66670036,16.54680061
Haapai,-19.911852,-174.418412,FHR Existing,Felemea FHR 1,1,0,20.14389992
Haapai,-19.911852,-174.418412,FHR Existing,Felemea FHR 1,2,0,20.14389992
Haapai,-19.911852,-174.418412,FHR Existing,Felemea FHR 1,3,0,20.14389992
Haapai,-19.911852,-174.418412,FHR Existing,Felemea FHR 1,4,0,20.14389992
Haapai,-19.913275,-174.419682,FHR Existing,Felemea FHR 2,1,0,17.98559952
Haapai,-19.913275,-174.419682,FHR Existing,Felemea FHR 2,2,0,17.98559952
Haapai,-19.913275,-174.419682,FHR Existing,Felemea FHR 2,3,0,17.98559952
Haapai,-19.913275,-174.419682,FHR Existing,Felemea FHR 2,4,0,17.98559952
Haapai,-19.910153,-174.418302,FHR Existing,Felemea FHR 3 Bommie,1,0,20.86330032
Haapai,-19.910153,-174.418302,FHR Existing,Felemea FHR 3 Bommie,2,0,20.86330032
Haapai,-19.910153,-174.418302,FHR Existing,Felemea FHR 3 Bommie,3,0,20.86330032
Haapai,-19.910153,-174.418302,FHR Existing,Felemea FHR 3 Bommie,4,0,20.86330032
Haapai,-19.904041,-174.411561,SMA Existing,Felemea SMA 1,1,10.14490032,28.77700043
Haapai,-19.904041,-174.411561,SMA Existing,Felemea SMA 1,2,10.14490032,28.77700043
Haapai,-19.904041,-174.411561,SMA Existing,Felemea SMA 1,3,10.14490032,28.77700043
Haapai,-19.904041,-174.411561,SMA Existing,Felemea SMA 1,4,10.14490032,28.77700043
Haapai,-19.910308,-174.415109,SMA Existing,Felemea SMA 2,1,0,21.58270073
Haapai,-19.910308,-174.415109,SMA Existing,Felemea SMA 2,2,0,21.58270073
Haapai,-19.910308,-174.415109,SMA Existing,Felemea SMA 2,3,0,21.58270073
Haapai,-19.910308,-174.415109,SMA Existing,Felemea SMA 2,4,0,21.58270073
Haapai,-19.90549,-174.433452,SMA Existing,Felemea SMA 3 Bommie,1,10.14490032,14.38850021
Haapai,-19.90549,-174.433452,SMA Existing,Felemea SMA 3 Bommie,2,10.14490032,14.38850021
Haapai,-19.90549,-174.433452,SMA Existing,Felemea SMA 3 Bommie,3,10.14490032,14.38850021
Haapai,-19.90549,-174.433452,SMA Existing,Felemea SMA 3 Bommie,4,10.14490032,14.38850021
Haapai,-19.96147,-174.725146,Open,Fetoa Isld,1,18.11590004,17.98559952
Haapai,-19.96147,-174.725146,Open,Fetoa Isld,2,18.11590004,17.98559952
Haapai,-19.96147,-174.725146,Open,Fetoa Isld,3,18.11590004,17.98559952
Haapai,-19.96147,-174.725146,Open,Fetoa Isld,4,18.11590004,17.98559952
Haapai,-20.282926,-174.634733,FHR 2017,Fonoi FHR close,1,2.898550034,2.87770009
Haapai,-20.282926,-174.634733,FHR 2017,Fonoi FHR close,2,2.898550034,2.87770009
Haapai,-20.282926,-174.634733,FHR 2017,Fonoi FHR close,3,2.898550034,2.87770009
Haapai,-20.282926,-174.634733,FHR 2017,Fonoi FHR close,4,2.898550034,2.87770009
Haapai,-20.2853,-174.642612,FHR 2017,Fonoi FHR far,1,2.898550034,2.87770009
Haapai,-20.2853,-174.642612,FHR 2017,Fonoi FHR far,2,2.898550034,2.87770009
Haapai,-20.2853,-174.642612,FHR 2017,Fonoi FHR far,3,2.898550034,2.87770009
Haapai,-20.2853,-174.642612,FHR 2017,Fonoi FHR far,4,2.898550034,2.87770009
Haapai,-20.282496,-174.628739,SMA 2017,Fonoi SMA close,1,2.898550034,2.87770009
Haapai,-20.282496,-174.628739,SMA 2017,Fonoi SMA close,2,2.898550034,2.87770009
Haapai,-20.282496,-174.628739,SMA 2017,Fonoi SMA close,3,2.898550034,2.87770009
Haapai,-20.282496,-174.628739,SMA 2017,Fonoi SMA close,4,2.898550034,2.87770009
Haapai,-20.290805,-174.639774,SMA 2017,Fonoi SMA Far,1,2.898550034,2.87770009
Haapai,-20.290805,-174.639774,SMA 2017,Fonoi SMA Far,2,2.898550034,2.87770009
Haapai,-20.290805,-174.639774,SMA 2017,Fonoi SMA Far,3,2.898550034,2.87770009
Haapai,-20.290805,-174.639774,SMA 2017,Fonoi SMA Far,4,2.898550034,2.87770009
Haapai,-20.111135,-174.730366,Open,FonoiIka 1,1,10.14490032,10.07190037
Haapai,-20.111135,-174.730366,Open,FonoiIka 1,2,10.14490032,10.07190037
Haapai,-20.111135,-174.730366,Open,FonoiIka 1,3,10.14490032,10.07190037
Haapai,-20.111135,-174.730366,Open,FonoiIka 1,4,10.14490032,10.07190037
Haapai,-20.109433,-174.705614,Open,FonoiIka 2,1,9.420289993,9.352519989
Haapai,-20.109433,-174.705614,Open,FonoiIka 2,2,9.420289993,9.352519989
Haapai,-20.109433,-174.705614,Open,FonoiIka 2,3,9.420289993,9.352519989
Haapai,-20.109433,-174.705614,Open,FonoiIka 2,4,9.420289993,9.352519989
Haapai,-20.120509,-174.684489,Open,FonoiIka 3,1,7.971010208,7.913670063
Haapai,-20.120509,-174.684489,Open,FonoiIka 3,2,7.971010208,7.913670063
Haapai,-20.120509,-174.684489,Open,FonoiIka 3,3,7.971010208,7.913670063
Haapai,-20.120509,-174.684489,Open,FonoiIka 3,4,7.971010208,7.913670063
Haapai,-19.960709,-174.695525,Open,Haafeva Bommie,1,17.3913002,17.26619911
Haapai,-19.960709,-174.695525,Open,Haafeva Bommie,2,17.3913002,17.26619911
Haapai,-19.960709,-174.695525,Open,Haafeva Bommie,3,17.3913002,17.26619911
Haapai,-19.960709,-174.695525,Open,Haafeva Bommie,4,17.3913002,17.26619911
Haapai,-19.937359,-174.697588,FHR Existing,Haafeva FHR 1,1,0,17.26619911
Haapai,-19.937359,-174.697588,FHR Existing,Haafeva FHR 1,2,0,17.26619911
Haapai,-19.937359,-174.697588,FHR Existing,Haafeva FHR 1,3,0,17.26619911
Haapai,-19.937359,-174.697588,FHR Existing,Haafeva FHR 1,4,0,17.26619911
Haapai,-19.935541,-174.699624,FHR Existing,Haafeva FHR 2,1,0,17.26619911
Haapai,-19.935541,-174.699624,FHR Existing,Haafeva FHR 2,2,0,17.26619911
Haapai,-19.935541,-174.699624,FHR Existing,Haafeva FHR 2,3,0,17.26619911
Haapai,-19.935541,-174.699624,FHR Existing,Haafeva FHR 2,4,0,17.26619911
Haapai,-19.935515,-174.70005,FHR Existing,Haafeva FHR 3,1,0,17.26619911
Haapai,-19.935515,-174.70005,FHR Existing,Haafeva FHR 3,2,0,17.26619911
Haapai,-19.935515,-174.70005,FHR Existing,Haafeva FHR 3,3,0,17.26619911
Haapai,-19.935515,-174.70005,FHR Existing,Haafeva FHR 3,4,0,17.26619911
Haapai,-19.942465,-174.702612,FHR Existing,Haafeva FHR 4,1,0,20.14389992
Haapai,-19.942465,-174.702612,FHR Existing,Haafeva FHR 4,2,0,20.14389992
Haapai,-19.942465,-174.702612,FHR Existing,Haafeva FHR 4,3,0,20.14389992
Haapai,-19.942465,-174.702612,FHR Existing,Haafeva FHR 4,4,0,20.14389992
Haapai,-19.942737,-174.701681,FHR Existing,Haafeva FHR 5,1,0,20.14389992
Haapai,-19.942737,-174.701681,FHR Existing,Haafeva FHR 5,2,0,20.14389992
Haapai,-19.942737,-174.701681,FHR Existing,Haafeva FHR 5,3,0,20.14389992
Haapai,-19.942737,-174.701681,FHR Existing,Haafeva FHR 5,4,0,20.14389992
Haapai,-19.952985,-174.684491,SMA Existing,Haafeva SMA 1,1,11.59420013,15.82730007
Haapai,-19.952985,-174.684491,SMA Existing,Haafeva SMA 1,2,11.59420013,15.82730007
Haapai,-19.952985,-174.684491,SMA Existing,Haafeva SMA 1,3,11.59420013,15.82730007
Haapai,-19.952985,-174.684491,SMA Existing,Haafeva SMA 1,4,11.59420013,15.82730007
Haapai,-19.951641,-174.684731,SMA Existing,Haafeva SMA 2,1,11.59420013,15.82730007
Haapai,-19.951641,-174.684731,SMA Existing,Haafeva SMA 2,2,11.59420013,15.82730007
Haapai,-19.951641,-174.684731,SMA Existing,Haafeva SMA 2,3,11.59420013,15.82730007
Haapai,-19.951641,-174.684731,SMA Existing,Haafeva SMA 2,4,11.59420013,15.82730007
Haapai,-19.945731,-174.688436,SMA Existing,Haafeva SMA 3,1,11.59420013,16.54680061
Haapai,-19.945731,-174.688436,SMA Existing,Haafeva SMA 3,2,11.59420013,16.54680061
Haapai,-19.945731,-174.688436,SMA Existing,Haafeva SMA 3,3,11.59420013,16.54680061
Haapai,-19.945731,-174.688436,SMA Existing,Haafeva SMA 3,4,11.59420013,16.54680061
Haapai,-19.949215,-174.702226,SMA Existing,Haafeva SMA 4,1,11.59420013,20.86330032
Haapai,-19.949215,-174.702226,SMA Existing,Haafeva SMA 4,2,11.59420013,20.86330032
Haapai,-19.949215,-174.702226,SMA Existing,Haafeva SMA 4,3,11.59420013,20.86330032
Haapai,-19.949215,-174.702226,SMA Existing,Haafeva SMA 4,4,11.59420013,20.86330032
Haapai,-19.950148,-174.703006,SMA Existing,Haafeva SMA 5,1,11.59420013,21.58270073
Haapai,-19.950148,-174.703006,SMA Existing,Haafeva SMA 5,2,11.59420013,21.58270073
Haapai,-19.950148,-174.703006,SMA Existing,Haafeva SMA 5,3,11.59420013,21.58270073
Haapai,-19.950148,-174.703006,SMA Existing,Haafeva SMA 5,4,11.59420013,21.58270073
Haapai,-19.667683,-174.293536,FHR 2018,Ha'ano FHR,1,11.59420013,11.51080036
Haapai,-19.667683,-174.293536,FHR 2018,Ha'ano FHR,2,11.59420013,11.51080036
Haapai,-19.667683,-174.293536,FHR 2018,Ha'ano FHR,3,11.59420013,11.51080036
Haapai,-19.667683,-174.293536,FHR 2018,Ha'ano FHR,4,11.59420013,11.51080036
Haapai,-19.659357,-174.301353,SMA 2018,Haano SMA,1,10.8696003,10.79139996
Haapai,-19.659357,-174.301353,SMA 2018,Haano SMA,2,10.8696003,10.79139996
Haapai,-19.659357,-174.301353,SMA 2018,Haano SMA,3,10.8696003,10.79139996
Haapai,-19.659357,-174.301353,SMA 2018,Haano SMA,4,10.8696003,10.79139996
Haapai,-19.8418,-174.516617,FHR 2018,Hakauata FHR,1,10.8696003,10.79139996
Haapai,-19.8418,-174.516617,FHR 2018,Hakauata FHR,2,10.8696003,10.79139996
Haapai,-19.8418,-174.516617,FHR 2018,Hakauata FHR,3,10.8696003,10.79139996
Haapai,-19.8418,-174.516617,FHR 2018,Hakauata FHR,4,10.8696003,10.79139996
Haapai,-19.840817,-174.526883,SMA 2018,Hakauata SMA,1,10.14490032,10.07190037
Haapai,-19.840817,-174.526883,SMA 2018,Hakauata SMA,2,10.14490032,10.07190037
Haapai,-19.840817,-174.526883,SMA 2018,Hakauata SMA,3,10.14490032,10.07190037
Haapai,-19.840817,-174.526883,SMA 2018,Hakauata SMA,4,10.14490032,10.07190037
Haapai,-19.781017,-174.347379,Open,Holopeka,1,18.11590004,17.98559952
Haapai,-19.781017,-174.347379,Open,Holopeka,2,18.11590004,17.98559952
Haapai,-19.781017,-174.347379,Open,Holopeka,3,18.11590004,17.98559952
Haapai,-19.781017,-174.347379,Open,Holopeka,4,18.11590004,17.98559952
Haapai,-20.533932,-175.382302,Open,HTHH 5,1,0,0
Haapai,-20.533932,-175.382302,Open,HTHH 5,2,0,0
Haapai,-20.533932,-175.382302,Open,HTHH 5,3,0,0
Haapai,-20.533932,-175.382302,Open,HTHH 5,4,0,0
Haapai,-20.53384,-175.379378,Open,HTHH 6,1,0,0
Haapai,-20.53384,-175.379378,Open,HTHH 6,2,0,0
Haapai,-20.53384,-175.379378,Open,HTHH 6,3,0,0
Haapai,-20.53384,-175.379378,Open,HTHH 6,4,0,0
Haapai,-20.506082,-174.744159,SMA 2017,Kelefesia 1,1,0,0
Haapai,-20.506082,-174.744159,SMA 2017,Kelefesia 1,2,0,0
Haapai,-20.506082,-174.744159,SMA 2017,Kelefesia 1,3,0,0
Haapai,-20.506082,-174.744159,SMA 2017,Kelefesia 1,4,0,0
Haapai,-20.499326,-174.744503,SMA 2017,Kelefesia 2,1,0,0
Haapai,-20.499326,-174.744503,SMA 2017,Kelefesia 2,2,0,0
Haapai,-20.499326,-174.744503,SMA 2017,Kelefesia 2,3,0,0
Haapai,-20.499326,-174.744503,SMA 2017,Kelefesia 2,4,0,0
Haapai,-20.486516,-174.763478,FHR 2017,Kelefesia FHR,1,0,0
Haapai,-20.486516,-174.763478,FHR 2017,Kelefesia FHR,2,0,0
Haapai,-20.486516,-174.763478,FHR 2017,Kelefesia FHR,3,0,0
Haapai,-20.486516,-174.763478,FHR 2017,Kelefesia FHR,4,0,0
Haapai,-20.478811,-174.783666,Open,Kelefesia Open Control,1,0,0
Haapai,-20.478811,-174.783666,Open,Kelefesia Open Control,2,0,0
Haapai,-20.478811,-174.783666,Open,Kelefesia Open Control,3,0,0
Haapai,-20.478811,-174.783666,Open,Kelefesia Open Control,4,0,0
Haapai,-19.933275,-174.79459,FHR 2018,Kotu FHR 1,1,15.94200039,15.82730007
Haapai,-19.933275,-174.79459,FHR 2018,Kotu FHR 1,2,15.94200039,15.82730007
Haapai,-19.933275,-174.79459,FHR 2018,Kotu FHR 1,3,15.94200039,15.82730007
Haapai,-19.933275,-174.79459,FHR 2018,Kotu FHR 1,4,15.94200039,15.82730007
Haapai,-19.931778,-174.790155,FHR 2018,Kotu FHR 2,1,15.2173996,15.10789967
Haapai,-19.931778,-174.790155,FHR 2018,Kotu FHR 2,2,15.2173996,15.10789967
Haapai,-19.931778,-174.790155,FHR 2018,Kotu FHR 2,3,15.2173996,15.10789967
Haapai,-19.931778,-174.790155,FHR 2018,Kotu FHR 2,4,15.2173996,15.10789967
Haapai,-19.938668,-174.804023,SMA 2018,Kotu SMA,1,15.94200039,15.82730007
Haapai,-19.938668,-174.804023,SMA 2018,Kotu SMA,2,15.94200039,15.82730007
Haapai,-19.938668,-174.804023,SMA 2018,Kotu SMA,3,15.94200039,15.82730007
Haapai,-19.938668,-174.804023,SMA 2018,Kotu SMA,4,15.94200039,15.82730007
Haapai,-19.832617,-174.544083,FHR 2018,Lofangai FHR,1,13.04349995,12.94960022
Haapai,-19.832617,-174.544083,FHR 2018,Lofangai FHR,2,13.04349995,12.94960022
Haapai,-19.832617,-174.544083,FHR 2018,Lofangai FHR,3,13.04349995,12.94960022
Haapai,-19.832617,-174.544083,FHR 2018,Lofangai FHR,4,13.04349995,12.94960022
Haapai,-19.8309,-174.55105,SMA 2018,Lofangai SMA,1,14.49279976,14.38850021
Haapai,-19.8309,-174.55105,SMA 2018,Lofangai SMA,2,14.49279976,14.38850021
Haapai,-19.8309,-174.55105,SMA 2018,Lofangai SMA,3,14.49279976,14.38850021
Haapai,-19.8309,-174.55105,SMA 2018,Lofangai SMA,4,14.49279976,14.38850021
Haapai,-19.731164,-174.302479,Open,Lotofoa 1,1,17.3913002,17.26619911
Haapai,-19.731164,-174.302479,Open,Lotofoa 1,2,17.3913002,17.26619911
Haapai,-19.731164,-174.302479,Open,Lotofoa 1,3,17.3913002,17.26619911
Haapai,-19.731164,-174.302479,Open,Lotofoa 1,4,17.3913002,17.26619911
Haapai,-19.730926,-174.308354,Open,Lotofoa 2,1,15.94200039,15.82730007
Haapai,-19.730926,-174.308354,Open,Lotofoa 2,2,15.94200039,15.82730007
Haapai,-19.730926,-174.308354,Open,Lotofoa 2,3,15.94200039,15.82730007
Haapai,-19.730926,-174.308354,Open,Lotofoa 2,4,15.94200039,15.82730007
Haapai,-19.739082,-174.31654,Open,Lotofoa 3,1,17.3913002,17.26619911
Haapai,-19.739082,-174.31654,Open,Lotofoa 3,2,17.3913002,17.26619911
Haapai,-19.739082,-174.31654,Open,Lotofoa 3,3,17.3913002,17.26619911
Haapai,-19.739082,-174.31654,Open,Lotofoa 3,4,17.3913002,17.26619911
Haapai,-19.866533,-174.478517,Open,Luangahu 1,1,13.04349995,12.94960022
Haapai,-19.866533,-174.478517,Open,Luangahu 1,2,13.04349995,12.94960022
Haapai,-19.866533,-174.478517,Open,Luangahu 1,3,13.04349995,12.94960022
Haapai,-19.866533,-174.478517,Open,Luangahu 1,4,13.04349995,12.94960022
Haapai,-19.865667,-174.484583,Open,Luangahu 2,1,12.31879997,12.23019981
Haapai,-19.865667,-174.484583,Open,Luangahu 2,2,12.31879997,12.23019981
Haapai,-19.865667,-174.484583,Open,Luangahu 2,3,12.31879997,12.23019981
Haapai,-19.865667,-174.484583,Open,Luangahu 2,4,12.31879997,12.23019981
Haapai,-19.87871,-174.465684,Open,Luangahu 3,1,13.04349995,12.94960022
Haapai,-19.87871,-174.465684,Open,Luangahu 3,2,13.04349995,12.94960022
Haapai,-19.87871,-174.465684,Open,Luangahu 3,3,13.04349995,12.94960022
Haapai,-19.87871,-174.465684,Open,Luangahu 3,4,13.04349995,12.94960022
Haapai,-19.884541,-174.445887,Open,Luangahu 4,1,13.76809978,13.66909981
Haapai,-19.884541,-174.445887,Open,Luangahu 4,2,13.76809978,13.66909981
Haapai,-19.884541,-174.445887,Open,Luangahu 4,3,13.76809978,13.66909981
Haapai,-19.884541,-174.445887,Open,Luangahu 4,4,13.76809978,13.66909981
Haapai,-20.322517,-174.715159,FHR 2017,Mango FHR Close,1,4.347829819,4.316549778
Haapai,-20.322517,-174.715159,FHR 2017,Mango FHR Close,2,4.347829819,4.316549778
Haapai,-20.322517,-174.715159,FHR 2017,Mango FHR Close,3,4.347829819,4.316549778
Haapai,-20.322517,-174.715159,FHR 2017,Mango FHR Close,4,4.347829819,4.316549778
Haapai,-20.317657,-174.715213,FHR 2017,Mango FHR Far,1,4.347829819,4.316549778
Haapai,-20.317657,-174.715213,FHR 2017,Mango FHR Far,2,4.347829819,4.316549778
Haapai,-20.317657,-174.715213,FHR 2017,Mango FHR Far,3,4.347829819,4.316549778
Haapai,-20.317657,-174.715213,FHR 2017,Mango FHR Far,4,4.347829819,4.316549778
Haapai,-20.329049,-174.720211,SMA 2017,Mango SMA Close,1,4.347829819,4.316549778
Haapai,-20.329049,-174.720211,SMA 2017,Mango SMA Close,2,4.347829819,4.316549778
Haapai,-20.329049,-174.720211,SMA 2017,Mango SMA Close,3,4.347829819,4.316549778
Haapai,-20.329049,-174.720211,SMA 2017,Mango SMA Close,4,4.347829819,4.316549778
Haapai,-20.321688,-174.728014,SMA 2017,Mango SMA Far,1,4.347829819,4.316549778
Haapai,-20.321688,-174.728014,SMA 2017,Mango SMA Far,2,4.347829819,4.316549778
Haapai,-20.321688,-174.728014,SMA 2017,Mango SMA Far,3,4.347829819,4.316549778
Haapai,-20.321688,-174.728014,SMA 2017,Mango SMA Far,4,4.347829819,4.316549778
Haapai,-19.724087,-174.274592,SMA 2018,Matafonua Bommie,1,12.31879997,12.23019981
Haapai,-19.724087,-174.274592,SMA 2018,Matafonua Bommie,2,12.31879997,12.23019981
Haapai,-19.724087,-174.274592,SMA 2018,Matafonua Bommie,3,12.31879997,12.23019981
Haapai,-19.724087,-174.274592,SMA 2018,Matafonua Bommie,4,12.31879997,12.23019981
Haapai,-19.729008,-174.293499,FHR 2018,Matafonua Village FHR,1,16.66670036,16.54680061
Haapai,-19.729008,-174.293499,FHR 2018,Matafonua Village FHR,2,16.66670036,16.54680061
Haapai,-19.729008,-174.293499,FHR 2018,Matafonua Village FHR,3,16.66670036,16.54680061
Haapai,-19.729008,-174.293499,FHR 2018,Matafonua Village FHR,4,16.66670036,16.54680061
Haapai,-19.727003,-174.292255,SMA 2018,Matafonua Village SMA,1,15.94200039,15.82730007
Haapai,-19.727003,-174.292255,SMA 2018,Matafonua Village SMA,2,15.94200039,15.82730007
Haapai,-19.727003,-174.292255,SMA 2018,Matafonua Village SMA,3,15.94200039,15.82730007
Haapai,-19.727003,-174.292255,SMA 2018,Matafonua Village SMA,4,15.94200039,15.82730007
Haapai,-19.956196,-174.741212,FHR 2018,Matuku FHR,1,18.11590004,17.98559952
Haapai,-19.956196,-174.741212,FHR 2018,Matuku FHR,2,18.11590004,17.98559952
Haapai,-19.956196,-174.741212,FHR 2018,Matuku FHR,3,18.11590004,17.98559952
Haapai,-19.956196,-174.741212,FHR 2018,Matuku FHR,4,18.11590004,17.98559952
Haapai,-19.95599,-174.747605,SMA 2018,Matuku SMA,1,18.11590004,17.98559952
Haapai,-19.95599,-174.747605,SMA 2018,Matuku SMA,2,18.11590004,17.98559952
Haapai,-19.95599,-174.747605,SMA 2018,Matuku SMA,3,18.11590004,17.98559952
Haapai,-19.95599,-174.747605,SMA 2018,Matuku SMA,4,18.11590004,17.98559952
Haapai,-19.772167,-174.572333,Open (Maybe part of Lofanaga SMA 2018),Meama,1,5.072460175,5.035970211
Haapai,-19.772167,-174.572333,Open (Maybe part of Lofanaga SMA 2018),Meama,2,5.072460175,5.035970211
Haapai,-19.772167,-174.572333,Open (Maybe part of Lofanaga SMA 2018),Meama,3,5.072460175,5.035970211
Haapai,-19.772167,-174.572333,Open (Maybe part of Lofanaga SMA 2018),Meama,4,5.072460175,5.035970211
Haapai,-19.644683,-174.488283,FHR 2018,Moungaone FHR,1,3.623189926,3.597120047
Haapai,-19.644683,-174.488283,FHR 2018,Moungaone FHR,2,3.623189926,3.597120047
Haapai,-19.644683,-174.488283,FHR 2018,Moungaone FHR,3,3.623189926,3.597120047
Haapai,-19.644683,-174.488283,FHR 2018,Moungaone FHR,4,3.623189926,3.597120047
Haapai,-19.632817,-174.490833,SMA 2018,Moungaone SMA,1,2.898550034,2.87770009
Haapai,-19.632817,-174.490833,SMA 2018,Moungaone SMA,2,2.898550034,2.87770009
Haapai,-19.632817,-174.490833,SMA 2018,Moungaone SMA,3,2.898550034,2.87770009
Haapai,-19.632817,-174.490833,SMA 2018,Moungaone SMA,4,2.898550034,2.87770009
Haapai,-19.649342,-174.299849,FHR 2018,Muitoa FHR,1,9.420289993,9.352519989
Haapai,-19.649342,-174.299849,FHR 2018,Muitoa FHR,2,9.420289993,9.352519989
Haapai,-19.649342,-174.299849,FHR 2018,Muitoa FHR,3,9.420289993,9.352519989
Haapai,-19.649342,-174.299849,FHR 2018,Muitoa FHR,4,9.420289993,9.352519989
Haapai,-19.641694,-174.302428,SMA 2018,Muitoa SMA,1,7.971010208,7.913670063
Haapai,-19.641694,-174.302428,SMA 2018,Muitoa SMA,2,7.971010208,7.913670063
Haapai,-19.641694,-174.302428,SMA 2018,Muitoa SMA,3,7.971010208,7.913670063
Haapai,-19.641694,-174.302428,SMA 2018,Muitoa SMA,4,7.971010208,7.913670063
Haapai,-19.775567,-174.629267,Open (Maybe part of Lofanaga SMA 2018),Niniva,1,5.072460175,5.035970211
Haapai,-19.775567,-174.629267,Open (Maybe part of Lofanaga SMA 2018),Niniva,2,5.072460175,5.035970211
Haapai,-19.775567,-174.629267,Open (Maybe part of Lofanaga SMA 2018),Niniva,3,5.072460175,5.035970211
Haapai,-19.775567,-174.629267,Open (Maybe part of Lofanaga SMA 2018),Niniva,4,5.072460175,5.035970211
Haapai,-20.248142,-174.812883,SMA Existing,Nomuka Barn 1,1,13.04349995,6.474820137
Haapai,-20.248142,-174.812883,SMA Existing,Nomuka Barn 1,2,13.04349995,6.474820137
Haapai,-20.248142,-174.812883,SMA Existing,Nomuka Barn 1,3,13.04349995,6.474820137
Haapai,-20.248142,-174.812883,SMA Existing,Nomuka Barn 1,4,13.04349995,6.474820137
Haapai,-20.253767,-174.815725,SMA Existing,Nomuka Barn 2,1,13.04349995,6.474820137
Haapai,-20.253767,-174.815725,SMA Existing,Nomuka Barn 2,2,13.04349995,6.474820137
Haapai,-20.253767,-174.815725,SMA Existing,Nomuka Barn 2,3,13.04349995,6.474820137
Haapai,-20.253767,-174.815725,SMA Existing,Nomuka Barn 2,4,13.04349995,6.474820137
Haapai,-20.252372,-174.811703,SMA Existing,Nomuka Barn 3,1,13.04349995,7.913670063
Haapai,-20.252372,-174.811703,SMA Existing,Nomuka Barn 3,2,13.04349995,7.913670063
Haapai,-20.252372,-174.811703,SMA Existing,Nomuka Barn 3,3,13.04349995,7.913670063
Haapai,-20.252372,-174.811703,SMA Existing,Nomuka Barn 3,4,13.04349995,7.913670063
Haapai,-20.2705,-174.7888333,FHR Existing,Nomuka FHR,1,0,8.633090019
Haapai,-20.2705,-174.7888333,FHR Existing,Nomuka FHR,2,0,8.633090019
Haapai,-20.2705,-174.7888333,FHR Existing,Nomuka FHR,3,0,8.633090019
Haapai,-20.269599,-174.7897,FHR Existing,Nomuka FHR 1,1,0,9.352519989
Haapai,-20.269599,-174.7897,FHR Existing,Nomuka FHR 1,2,0,9.352519989
Haapai,-20.269599,-174.7897,FHR Existing,Nomuka FHR 1,3,0,9.352519989
Haapai,-20.269599,-174.7897,FHR Existing,Nomuka FHR 1,4,0,9.352519989
Haapai,-20.269412,-174.789923,FHR Existing,Nomuka FHR 2,1,0,9.352519989
Haapai,-20.269412,-174.789923,FHR Existing,Nomuka FHR 2,2,0,9.352519989
Haapai,-20.269412,-174.789923,FHR Existing,Nomuka FHR 2,3,0,9.352519989
Haapai,-20.269412,-174.789923,FHR Existing,Nomuka FHR 2,4,0,9.352519989
Haapai,-20.268103,-174.793171,FHR Existing,Nomuka FHR 3,1,0,10.79139996
Haapai,-20.268103,-174.793171,FHR Existing,Nomuka FHR 3,2,0,10.79139996
Haapai,-20.268103,-174.793171,FHR Existing,Nomuka FHR 3,3,0,10.79139996
Haapai,-20.268103,-174.793171,FHR Existing,Nomuka FHR 3,4,0,10.79139996
Haapai,-20.275322,-174.795366,SMA Existing,Nomuka Iki Channel,1,13.04349995,7.913670063
Haapai,-20.275322,-174.795366,SMA Existing,Nomuka Iki Channel,2,13.04349995,7.913670063
Haapai,-20.275322,-174.795366,SMA Existing,Nomuka Iki Channel,3,13.04349995,7.913670063
Haapai,-20.275322,-174.795366,SMA Existing,Nomuka Iki Channel,4,13.04349995,7.913670063
Haapai,-20.2728,-174.8115667,SMA Existing,Nomuka Iki FHR Baseline,1,13.04349995,6.474820137
Haapai,-20.2728,-174.8115667,SMA Existing,Nomuka Iki FHR Baseline,2,13.04349995,6.474820137
Haapai,-20.2728,-174.8115667,SMA Existing,Nomuka Iki FHR Baseline,3,13.04349995,6.474820137
Haapai,-20.2728,-174.8115667,SMA Existing,Nomuka Iki FHR Baseline,4,13.04349995,6.474820137
Haapai,-20.270882,-174.818432,SMA Existing,Nomuka Iki outside 1,1,13.04349995,4.316549778
Haapai,-20.270882,-174.818432,SMA Existing,Nomuka Iki outside 1,2,13.04349995,4.316549778
Haapai,-20.270882,-174.818432,SMA Existing,Nomuka Iki outside 1,3,13.04349995,4.316549778
Haapai,-20.270882,-174.818432,SMA Existing,Nomuka Iki outside 1,4,13.04349995,4.316549778
Haapai,-20.278124,-174.826073,SMA Existing,Nomuka Iki outside 2,1,13.04349995,4.316549778
Haapai,-20.278124,-174.826073,SMA Existing,Nomuka Iki outside 2,2,13.04349995,4.316549778
Haapai,-20.278124,-174.826073,SMA Existing,Nomuka Iki outside 2,3,13.04349995,4.316549778
Haapai,-20.278124,-174.826073,SMA Existing,Nomuka Iki outside 2,4,13.04349995,4.316549778
Haapai,-20.2642,-174.7990333,SMA Existing,Nomuka Town,1,13.04349995,12.94960022
Haapai,-20.2642,-174.7990333,SMA Existing,Nomuka Town,2,13.04349995,12.94960022
Haapai,-20.2642,-174.7990333,SMA Existing,Nomuka Town,3,13.04349995,12.94960022
Haapai,-20.263818,-174.799851,SMA Existing,Nomuka Town 1,1,13.04349995,12.94960022
Haapai,-20.263818,-174.799851,SMA Existing,Nomuka Town 1,2,13.04349995,12.94960022
Haapai,-20.263818,-174.799851,SMA Existing,Nomuka Town 1,3,13.04349995,12.94960022
Haapai,-20.263818,-174.799851,SMA Existing,Nomuka Town 1,4,13.04349995,12.94960022
Haapai,-20.263457,-174.80026,SMA Existing,Nomuka Town 2,1,13.04349995,12.94960022
Haapai,-20.263457,-174.80026,SMA Existing,Nomuka Town 2,2,13.04349995,12.94960022
Haapai,-20.263457,-174.80026,SMA Existing,Nomuka Town 2,3,13.04349995,12.94960022
Haapai,-20.263457,-174.80026,SMA Existing,Nomuka Town 2,4,13.04349995,12.94960022
Haapai,-20.262902,-174.803179,SMA Existing,Nomuka Town 3,1,13.04349995,12.23019981
Haapai,-20.262902,-174.803179,SMA Existing,Nomuka Town 3,2,13.04349995,12.23019981
Haapai,-20.262902,-174.803179,SMA Existing,Nomuka Town 3,3,13.04349995,12.23019981
Haapai,-20.262902,-174.803179,SMA Existing,Nomuka Town 3,4,13.04349995,12.23019981
Haapai,-19.775717,-174.526417,Open (Maybe part of Lofanaga SMA 2018),Nukupule,1,7.971010208,7.913670063
Haapai,-19.775717,-174.526417,Open (Maybe part of Lofanaga SMA 2018),Nukupule,2,7.971010208,7.913670063
Haapai,-19.775717,-174.526417,Open (Maybe part of Lofanaga SMA 2018),Nukupule,3,7.971010208,7.913670063
Haapai,-19.775717,-174.526417,Open (Maybe part of Lofanaga SMA 2018),Nukupule,4,7.971010208,7.913670063
Haapai,-19.594083,-174.467917,FHR 2018,Ofalanga FHR,1,1.449280024,1.438850045
Haapai,-19.594083,-174.467917,FHR 2018,Ofalanga FHR,2,1.449280024,1.438850045
Haapai,-19.594083,-174.467917,FHR 2018,Ofalanga FHR,3,1.449280024,1.438850045
Haapai,-19.594083,-174.467917,FHR 2018,Ofalanga FHR,4,1.449280024,1.438850045
Haapai,-19.584267,-174.4636,SMA 2018,Ofalanga SMA,1,1.449280024,1.438850045
Haapai,-19.584267,-174.4636,SMA 2018,Ofalanga SMA,2,1.449280024,1.438850045
Haapai,-19.584267,-174.4636,SMA 2018,Ofalanga SMA,3,1.449280024,1.438850045
Haapai,-19.584267,-174.4636,SMA 2018,Ofalanga SMA,4,1.449280024,1.438850045
Haapai,-20.046277,-174.669979,FHR Existing,Oua FHR 1,1,0,12.94960022
Haapai,-20.046277,-174.669979,FHR Existing,Oua FHR 1,2,0,12.94960022
Haapai,-20.046277,-174.669979,FHR Existing,Oua FHR 1,3,0,12.94960022
Haapai,-20.046277,-174.669979,FHR Existing,Oua FHR 1,4,0,12.94960022
Haapai,-20.046334,-174.669922,FHR Existing,Oua FHR 2,1,0,12.94960022
Haapai,-20.046334,-174.669922,FHR Existing,Oua FHR 2,2,0,12.94960022
Haapai,-20.046334,-174.669922,FHR Existing,Oua FHR 2,3,0,12.94960022
Haapai,-20.046334,-174.669922,FHR Existing,Oua FHR 2,4,0,12.94960022
Haapai,-20.047143,-174.672662,FHR Existing,Oua FHR 3,1,0,13.66909981
Haapai,-20.047143,-174.672662,FHR Existing,Oua FHR 3,2,0,13.66909981
Haapai,-20.047143,-174.672662,FHR Existing,Oua FHR 3,3,0,13.66909981
Haapai,-20.047143,-174.672662,FHR Existing,Oua FHR 3,4,0,13.66909981
Haapai,-20.058652,-174.681969,FHR Existing,Oua FHR 4,1,0,11.51080036
Haapai,-20.058652,-174.681969,FHR Existing,Oua FHR 4,2,0,11.51080036
Haapai,-20.058652,-174.681969,FHR Existing,Oua FHR 4,3,0,11.51080036
Haapai,-20.058652,-174.681969,FHR Existing,Oua FHR 4,4,0,11.51080036
Haapai,-20.05873,-174.680662,FHR Existing,Oua FHR 5,1,0,11.51080036
Haapai,-20.05873,-174.680662,FHR Existing,Oua FHR 5,2,0,11.51080036
Haapai,-20.05873,-174.680662,FHR Existing,Oua FHR 5,3,0,11.51080036
Haapai,-20.05873,-174.680662,FHR Existing,Oua FHR 5,4,0,11.51080036
Haapai,-20.05785,-174.680697,FHR Existing,Oua FHR 6,1,0,12.23019981
Haapai,-20.05785,-174.680697,FHR Existing,Oua FHR 6,2,0,12.23019981
Haapai,-20.05785,-174.680697,FHR Existing,Oua FHR 6,3,0,12.23019981
Haapai,-20.05785,-174.680697,FHR Existing,Oua FHR 6,4,0,12.23019981
Haapai,-20.045367,-174.678938,SMA Existing,Oua SMA 1,1,4.347829819,13.66909981
Haapai,-20.045367,-174.678938,SMA Existing,Oua SMA 1,2,4.347829819,13.66909981
Haapai,-20.045367,-174.678938,SMA Existing,Oua SMA 1,3,4.347829819,13.66909981
Haapai,-20.045367,-174.678938,SMA Existing,Oua SMA 1,4,4.347829819,13.66909981
Haapai,-20.045319,-174.678867,SMA Existing,Oua SMA 2,1,4.347829819,13.66909981
Haapai,-20.045319,-174.678867,SMA Existing,Oua SMA 2,2,4.347829819,13.66909981
Haapai,-20.045319,-174.678867,SMA Existing,Oua SMA 2,3,4.347829819,13.66909981
Haapai,-20.045319,-174.678867,SMA Existing,Oua SMA 2,4,4.347829819,13.66909981
Haapai,-20.046898,-174.679829,SMA Existing,Oua SMA 3,1,4.347829819,13.66909981
Haapai,-20.046898,-174.679829,SMA Existing,Oua SMA 3,2,4.347829819,13.66909981
Haapai,-20.046898,-174.679829,SMA Existing,Oua SMA 3,3,4.347829819,13.66909981
Haapai,-20.046898,-174.679829,SMA Existing,Oua SMA 3,4,4.347829819,13.66909981
Haapai,-20.058538,-174.69924,SMA Existing,Oua SMA 4,1,4.347829819,12.23019981
Haapai,-20.058538,-174.69924,SMA Existing,Oua SMA 4,2,4.347829819,12.23019981
Haapai,-20.058538,-174.69924,SMA Existing,Oua SMA 4,3,4.347829819,12.23019981
Haapai,-20.058538,-174.69924,SMA Existing,Oua SMA 4,4,4.347829819,12.23019981
Haapai,-20.057798,-174.698736,SMA Existing,Oua SMA 5,1,4.347829819,12.23019981
Haapai,-20.057798,-174.698736,SMA Existing,Oua SMA 5,2,4.347829819,12.23019981
Haapai,-20.057798,-174.698736,SMA Existing,Oua SMA 5,3,4.347829819,12.23019981
Haapai,-20.057798,-174.698736,SMA Existing,Oua SMA 5,4,4.347829819,12.23019981
Haapai,-20.058738,-174.6973,SMA Existing,Oua SMA 6,1,4.347829819,12.23019981
Haapai,-20.058738,-174.6973,SMA Existing,Oua SMA 6,2,4.347829819,12.23019981
Haapai,-20.058738,-174.6973,SMA Existing,Oua SMA 6,3,4.347829819,12.23019981
Haapai,-20.058738,-174.6973,SMA Existing,Oua SMA 6,4,4.347829819,12.23019981
Haapai,-19.803313,-174.354756,Open,Pangai Close,1,29.71010017,29.49640083
Haapai,-19.803313,-174.354756,Open,Pangai Close,2,29.71010017,29.49640083
Haapai,-19.803313,-174.354756,Open,Pangai Close,3,29.71010017,29.49640083
Haapai,-19.803313,-174.354756,Open,Pangai Close,4,29.71010017,29.49640083
Haapai,-19.795576,-174.360678,Open,Pangai Mid,1,21.01449966,20.86330032
Haapai,-19.795576,-174.360678,Open,Pangai Mid,2,21.01449966,20.86330032
Haapai,-19.795576,-174.360678,Open,Pangai Mid,3,21.01449966,20.86330032
Haapai,-19.795576,-174.360678,Open,Pangai Mid,4,21.01449966,20.86330032
Haapai,-20.28663333,-174.7921167,SMA Existing,Pats reef,1,13.04349995,4.316549778
Haapai,-20.28663333,-174.7921167,SMA Existing,Pats reef,2,13.04349995,4.316549778
Haapai,-20.28663333,-174.7921167,SMA Existing,Pats reef,3,13.04349995,4.316549778
Haapai,-19.764797,-174.348523,Open,Port au prince point,1,16.66670036,16.54680061
Haapai,-19.764797,-174.348523,Open,Port au prince point,2,16.66670036,16.54680061
Haapai,-19.764797,-174.348523,Open,Port au prince point,3,16.66670036,16.54680061
Haapai,-19.764797,-174.348523,Open,Port au prince point,4,16.66670036,16.54680061
Haapai,-19.679751,-174.286715,FHR 2018,Pukotala FHR,1,13.04349995,12.94960022
Haapai,-19.679751,-174.286715,FHR 2018,Pukotala FHR,2,13.04349995,12.94960022
Haapai,-19.679751,-174.286715,FHR 2018,Pukotala FHR,3,13.04349995,12.94960022
Haapai,-19.679751,-174.286715,FHR 2018,Pukotala FHR,4,13.04349995,12.94960022
Haapai,-19.67514,-174.290453,SMA 2018,Pukotala SMA,1,12.31879997,12.23019981
Haapai,-19.67514,-174.290453,SMA 2018,Pukotala SMA,2,12.31879997,12.23019981
Haapai,-19.67514,-174.290453,SMA 2018,Pukotala SMA,3,12.31879997,12.23019981
Haapai,-19.67514,-174.290453,SMA 2018,Pukotala SMA,4,12.31879997,12.23019981
Haapai,-19.720406,-174.284659,SMA 2018,Sandy Beach Bommie,1,13.04349995,12.94960022
Haapai,-19.720406,-174.284659,SMA 2018,Sandy Beach Bommie,2,13.04349995,12.94960022
Haapai,-19.720406,-174.284659,SMA 2018,Sandy Beach Bommie,3,13.04349995,12.94960022
Haapai,-19.720406,-174.284659,SMA 2018,Sandy Beach Bommie,4,13.04349995,12.94960022
Haapai,-20.2759,-174.801422,SMA Existing,Sophs Reef 2017,1,13.04349995,7.194240093
Haapai,-20.2759,-174.801422,SMA Existing,Sophs Reef 2017,2,13.04349995,7.194240093
Haapai,-20.2759,-174.801422,SMA Existing,Sophs Reef 2018,1,13.04349995,7.194240093
Haapai,-20.2759,-174.801422,SMA Existing,Sophs Reef 2018,2,13.04349995,7.194240093
Haapai,-20.275901,-174.801422,SMA Existing,Sophs Reef 2018,3,13.04349995,7.194240093
Haapai,-20.275901,-174.801422,SMA Existing,Sophs Reef 2018,4,13.04349995,7.194240093
Haapai,-19.973101,-174.733917,Open,Teaupa Isld,1,16.66670036,16.54680061
Haapai,-19.973101,-174.733917,Open,Teaupa Isld,2,16.66670036,16.54680061
Haapai,-19.973101,-174.733917,Open,Teaupa Isld,3,16.66670036,16.54680061
Haapai,-19.973101,-174.733917,Open,Teaupa Isld,4,16.66670036,16.54680061
Haapai,-20.010028,-174.771866,Open,Tungua 1,1,17.3913002,17.26619911
Haapai,-20.010028,-174.771866,Open,Tungua 1,2,17.3913002,17.26619911
Haapai,-20.010028,-174.771866,Open,Tungua 1,3,17.3913002,17.26619911
Haapai,-20.010028,-174.771866,Open,Tungua 1,4,17.3913002,17.26619911
Haapai,-20.007476,-174.767794,Open,Tungua 2,1,17.3913002,17.26619911
Haapai,-20.007476,-174.767794,Open,Tungua 2,2,17.3913002,17.26619911
Haapai,-20.007476,-174.767794,Open,Tungua 2,3,17.3913002,17.26619911
Haapai,-20.007476,-174.767794,Open,Tungua 2,4,17.3913002,17.26619911
Haapai,-20.0112,-174.754628,Open,Tungua 3,1,18.11590004,17.98559952
Haapai,-20.0112,-174.754628,Open,Tungua 3,2,18.11590004,17.98559952
Haapai,-20.0112,-174.754628,Open,Tungua 3,3,18.11590004,17.98559952
Haapai,-20.0112,-174.754628,Open,Tungua 3,4,18.11590004,17.98559952
Haapai,-19.877276,-174.421743,FHR 2018,Uiha FHR Far,1,17.3913002,17.26619911
Haapai,-19.877276,-174.421743,FHR 2018,Uiha FHR Far,2,17.3913002,17.26619911
Haapai,-19.877276,-174.421743,FHR 2018,Uiha FHR Far,3,17.3913002,17.26619911
Haapai,-19.877276,-174.421743,FHR 2018,Uiha FHR Far,4,17.3913002,17.26619911
Haapai,-19.890986,-174.413013,FHR 2018,Uiha FHR Town,1,31.15940094,30.93530083
Haapai,-19.890986,-174.413013,FHR 2018,Uiha FHR Town,2,31.15940094,30.93530083
Haapai,-19.890986,-174.413013,FHR 2018,Uiha FHR Town,3,31.15940094,30.93530083
Haapai,-19.890986,-174.413013,FHR 2018,Uiha FHR Town,4,31.15940094,30.93530083
Haapai,-19.893374,-174.429655,SMA 2018,Uiha SMA Bommie,1,16.66670036,16.54680061
Haapai,-19.893374,-174.429655,SMA 2018,Uiha SMA Bommie,2,16.66670036,16.54680061
Haapai,-19.893374,-174.429655,SMA 2018,Uiha SMA Bommie,3,16.66670036,16.54680061
Haapai,-19.893374,-174.429655,SMA 2018,Uiha SMA Bommie,4,16.66670036,16.54680061
Haapai,-19.897739,-174.411617,SMA 2018,Uiha SMA fringing,1,32.6086998,32.37409973
Haapai,-19.897739,-174.411617,SMA 2018,Uiha SMA fringing,2,32.6086998,32.37409973
Haapai,-19.897739,-174.411617,SMA 2018,Uiha SMA fringing,3,32.6086998,32.37409973
Haapai,-19.897739,-174.411617,SMA 2018,Uiha SMA fringing,4,32.6086998,32.37409973
Haapai,-19.834733,-174.4156,Open,Uoleva North 1,1,15.94200039,15.82730007
Haapai,-19.834733,-174.4156,Open,Uoleva North 1,2,15.94200039,15.82730007
Haapai,-19.834733,-174.4156,Open,Uoleva North 1,3,15.94200039,15.82730007
Haapai,-19.834733,-174.4156,Open,Uoleva North 1,4,15.94200039,15.82730007
Haapai,-19.838733,-174.42065,Open,Uoleva North 2,1,15.94200039,15.82730007
Haapai,-19.838733,-174.42065,Open,Uoleva North 2,2,15.94200039,15.82730007
Haapai,-19.838733,-174.42065,Open,Uoleva North 2,3,15.94200039,15.82730007
Haapai,-19.838733,-174.42065,Open,Uoleva North 2,4,15.94200039,15.82730007
Haapai,-19.862033,-174.418183,Open,Uoleva outside,1,15.2173996,15.10789967
Haapai,-19.862033,-174.418183,Open,Uoleva outside,2,15.2173996,15.10789967
Haapai,-19.862033,-174.418183,Open,Uoleva outside,3,15.2173996,15.10789967
Haapai,-19.862033,-174.418183,Open,Uoleva outside,4,15.2173996,15.10789967
Haapai,-19.849933,-174.426333,Open,Uoleva South,1,15.2173996,15.10789967
Haapai,-19.849933,-174.426333,Open,Uoleva South,2,15.2173996,15.10789967
Haapai,-19.849933,-174.426333,Open,Uoleva South,3,15.2173996,15.10789967
Haapai,-19.849933,-174.426333,Open,Uoleva South,4,15.2173996,15.10789967
Haapai,-19.971164,-174.497534,Open,Uonukuhihifo 1,1,7.971010208,7.913670063
Haapai,-19.971164,-174.497534,Open,Uonukuhihifo 1,2,7.971010208,7.913670063
Haapai,-19.971164,-174.497534,Open,Uonukuhihifo 1,3,7.971010208,7.913670063
Haapai,-19.971164,-174.497534,Open,Uonukuhihifo 1,4,7.971010208,7.913670063
Haapai,-19.972156,-174.501328,Open,Uonukuhihifo 2,1,7.971010208,7.913670063
Haapai,-19.972156,-174.501328,Open,Uonukuhihifo 2,2,7.971010208,7.913670063
Haapai,-19.972156,-174.501328,Open,Uonukuhihifo 2,3,7.971010208,7.913670063
Haapai,-19.972156,-174.501328,Open,Uonukuhihifo 2,4,7.971010208,7.913670063
Haapai,-19.967095,-174.496117,Open,Uonukuhihifo 3,1,8.695650101,8.633090019
Haapai,-19.967095,-174.496117,Open,Uonukuhihifo 3,2,8.695650101,8.633090019
Haapai,-19.967095,-174.496117,Open,Uonukuhihifo 3,3,8.695650101,8.633090019
Haapai,-19.967095,-174.496117,Open,Uonukuhihifo 3,4,8.695650101,8.633090019
Haapai,-19.958642,-174.498436,Open,Uonukuhihifo 4,1,8.695650101,8.633090019
Haapai,-19.958642,-174.498436,Open,Uonukuhihifo 4,2,8.695650101,8.633090019
Haapai,-19.958642,-174.498436,Open,Uonukuhihifo 4,3,8.695650101,8.633090019
Haapai,-19.958642,-174.498436,Open,Uonukuhihifo 4,4,8.695650101,8.633090019
Tongatapu,-21.128601,-175.052672,Open,Afa,1,56.52170181,56.11510086
Tongatapu,-21.128601,-175.052672,Open,Afa,2,56.52170181,56.11510086
Tongatapu,-21.128601,-175.052672,Open,Afa,3,56.52170181,56.11510086
Tongatapu,-21.128601,-175.052672,Open,Afa,4,56.52170181,56.11510086
Tongatapu,-21.132926,-175.193947,Open,American warf,1,97.82610321,97.12229919
Tongatapu,-21.132926,-175.193947,Open,American warf,2,97.82610321,97.12229919
Tongatapu,-21.132926,-175.193947,Open,American warf,3,97.82610321,97.12229919
Tongatapu,-21.132926,-175.193947,Open,American warf,4,97.82610321,97.12229919
Tongatapu,-21.053296,-175.008249,Open,Ata prison close,1,19.56520081,19.42449951
Tongatapu,-21.053296,-175.008249,Open,Ata prison close,2,19.56520081,19.42449951
Tongatapu,-21.053296,-175.008249,Open,Ata prison close,3,19.56520081,19.42449951
Tongatapu,-21.053296,-175.008249,Open,Ata prison close,4,19.56520081,19.42449951
Tongatapu,-21.041719,-175.019915,Open,Ata prison north,1,19.56520081,19.42449951
Tongatapu,-21.041719,-175.019915,Open,Ata prison north,2,19.56520081,19.42449951
Tongatapu,-21.041719,-175.019915,Open,Ata prison north,3,19.56520081,19.42449951
Tongatapu,-21.041719,-175.019915,Open,Ata prison north,4,19.56520081,19.42449951
Tongatapu,-21.05208,-175.02703,Open,Ata prison south,1,23.91300011,23.74099922
Tongatapu,-21.05208,-175.02703,Open,Ata prison south,2,23.91300011,23.74099922
Tongatapu,-21.05208,-175.02703,Open,Ata prison south,3,23.91300011,23.74099922
Tongatapu,-21.05208,-175.02703,Open,Ata prison south,4,23.91300011,23.74099922
Tongatapu,-21.048587,-175.261441,FHR Existing,Atata FHR 1,1,0,53.23740005
Tongatapu,-21.048587,-175.261441,FHR Existing,Atata FHR 1,2,0,53.23740005
Tongatapu,-21.048587,-175.261441,FHR Existing,Atata FHR 1,3,0,53.23740005
Tongatapu,-21.048587,-175.261441,FHR Existing,Atata FHR 1,4,0,53.23740005
Tongatapu,-21.050587,-175.265363,FHR Existing,Atata FHR 2,1,0,53.23740005
Tongatapu,-21.050587,-175.265363,FHR Existing,Atata FHR 2,2,0,53.23740005
Tongatapu,-21.050587,-175.265363,FHR Existing,Atata FHR 2,3,0,53.23740005
Tongatapu,-21.050587,-175.265363,FHR Existing,Atata FHR 2,4,0,53.23740005
Tongatapu,-21.050738,-175.2662,FHR Existing,Atata FHR 3,1,0,52.51800156
Tongatapu,-21.050738,-175.2662,FHR Existing,Atata FHR 3,2,0,52.51800156
Tongatapu,-21.050738,-175.2662,FHR Existing,Atata FHR 3,3,0,52.51800156
Tongatapu,-21.050738,-175.2662,FHR Existing,Atata FHR 3,4,0,52.51800156
Tongatapu,-21.053865,-175.245783,SMA Existing,Atata SMA 1,1,1.449280024,58.27339935
Tongatapu,-21.053865,-175.245783,SMA Existing,Atata SMA 1,2,1.449280024,58.27339935
Tongatapu,-21.053865,-175.245783,SMA Existing,Atata SMA 1,3,1.449280024,58.27339935
Tongatapu,-21.053865,-175.245783,SMA Existing,Atata SMA 1,4,1.449280024,58.27339935
Tongatapu,-21.054152,-175.245776,SMA Existing,Atata SMA 2,1,1.449280024,58.27339935
Tongatapu,-21.054152,-175.245776,SMA Existing,Atata SMA 2,2,1.449280024,58.27339935
Tongatapu,-21.054152,-175.245776,SMA Existing,Atata SMA 2,3,1.449280024,58.27339935
Tongatapu,-21.054152,-175.245776,SMA Existing,Atata SMA 2,4,1.449280024,58.27339935
Tongatapu,-21.05897,-175.247049,SMA Existing,Atata SMA 3,1,1.449280024,59.71220016
Tongatapu,-21.05897,-175.247049,SMA Existing,Atata SMA 3,2,1.449280024,59.71220016
Tongatapu,-21.05897,-175.247049,SMA Existing,Atata SMA 3,3,1.449280024,59.71220016
Tongatapu,-21.05897,-175.247049,SMA Existing,Atata SMA 3,4,1.449280024,59.71220016
Tongatapu,-21.116986,-174.987426,SMA Existing,Eueiki SMA 1,1,0.724637985,23.02160072
Tongatapu,-21.116986,-174.987426,SMA Existing,Eueiki SMA 1,2,0.724637985,23.02160072
Tongatapu,-21.116986,-174.987426,SMA Existing,Eueiki SMA 1,3,0.724637985,23.02160072
Tongatapu,-21.116986,-174.987426,SMA Existing,Eueiki SMA 1,4,0.724637985,23.02160072
Tongatapu,-21.116462,-174.987506,SMA Existing,Eueiki SMA 2,1,0.724637985,23.02160072
Tongatapu,-21.116462,-174.987506,SMA Existing,Eueiki SMA 2,2,0.724637985,23.02160072
Tongatapu,-21.116462,-174.987506,SMA Existing,Eueiki SMA 2,3,0.724637985,23.02160072
Tongatapu,-21.116462,-174.987506,SMA Existing,Eueiki SMA 2,4,0.724637985,23.02160072
Tongatapu,-21.113612,-174.986498,SMA Existing,Eueiki SMA 3,1,0.724637985,22.30220032
Tongatapu,-21.113612,-174.986498,SMA Existing,Eueiki SMA 3,2,0.724637985,22.30220032
Tongatapu,-21.113612,-174.986498,SMA Existing,Eueiki SMA 3,3,0.724637985,22.30220032
Tongatapu,-21.113612,-174.986498,SMA Existing,Eueiki SMA 3,4,0.724637985,22.30220032
Tongatapu,-21.124098,-174.984751,FHR Existing,Euiki FHR 1,1,0,23.02160072
Tongatapu,-21.124098,-174.984751,FHR Existing,Euiki FHR 1,2,0,23.02160072
Tongatapu,-21.124098,-174.984751,FHR Existing,Euiki FHR 1,3,0,23.02160072
Tongatapu,-21.124098,-174.984751,FHR Existing,Euiki FHR 1,4,0,23.02160072
Tongatapu,-21.124757,-174.984063,FHR Existing,Euiki FHR 2,1,0,22.30220032
Tongatapu,-21.124757,-174.984063,FHR Existing,Euiki FHR 2,2,0,22.30220032
Tongatapu,-21.124757,-174.984063,FHR Existing,Euiki FHR 2,3,0,22.30220032
Tongatapu,-21.124757,-174.984063,FHR Existing,Euiki FHR 2,4,0,22.30220032
Tongatapu,-21.126265,-174.98306,FHR Existing,Euiki FHR 3,1,0,22.30220032
Tongatapu,-21.126265,-174.98306,FHR Existing,Euiki FHR 3,2,0,22.30220032
Tongatapu,-21.126265,-174.98306,FHR Existing,Euiki FHR 3,3,0,22.30220032
Tongatapu,-21.126265,-174.98306,FHR Existing,Euiki FHR 3,4,0,22.30220032
Tongatapu,-21.081698,-175.160344,FHR Existing,Fafa 1,1,0,69.78420258
Tongatapu,-21.081698,-175.160344,FHR Existing,Fafa 1,2,0,69.78420258
Tongatapu,-21.081698,-175.160344,FHR Existing,Fafa 1,3,0,69.78420258
Tongatapu,-21.081698,-175.160344,FHR Existing,Fafa 1,4,0,69.78420258
Tongatapu,-21.081458,-175.165684,FHR Existing,Fafa 2,1,0,70.50360107
Tongatapu,-21.081458,-175.165684,FHR Existing,Fafa 2,2,0,70.50360107
Tongatapu,-21.081458,-175.165684,FHR Existing,Fafa 2,3,0,70.50360107
Tongatapu,-21.081458,-175.165684,FHR Existing,Fafa 2,4,0,70.50360107
Tongatapu,-21.085524,-175.169633,FHR Existing,Fafa 3,1,0,72.66190338
Tongatapu,-21.085524,-175.169633,FHR Existing,Fafa 3,2,0,72.66190338
Tongatapu,-21.085524,-175.169633,FHR Existing,Fafa 3,3,0,72.66190338
Tongatapu,-21.085524,-175.169633,FHR Existing,Fafa 3,4,0,72.66190338
Tongatapu,-21.087665,-175.166045,FHR Existing,Fafa 4,1,0,72.66190338
Tongatapu,-21.087665,-175.166045,FHR Existing,Fafa 4,2,0,72.66190338
Tongatapu,-21.087665,-175.166045,FHR Existing,Fafa 4,3,0,72.66190338
Tongatapu,-21.087665,-175.166045,FHR Existing,Fafa 4,4,0,72.66190338
Tongatapu,-21.081875,-175.153912,Open,Fafa control close,1,69.56520081,69.06479645
Tongatapu,-21.081875,-175.153912,Open,Fafa control close,2,69.56520081,69.06479645
Tongatapu,-21.081875,-175.153912,Open,Fafa control close,3,69.56520081,69.06479645
Tongatapu,-21.081875,-175.153912,Open,Fafa control close,4,69.56520081,69.06479645
Tongatapu,-21.06582,-175.14397,Open,Fafa Far control 1,1,62.31880188,61.87049866
Tongatapu,-21.06582,-175.14397,Open,Fafa Far control 1,2,62.31880188,61.87049866
Tongatapu,-21.06582,-175.14397,Open,Fafa Far control 1,3,62.31880188,61.87049866
Tongatapu,-21.06582,-175.14397,Open,Fafa Far control 1,4,62.31880188,61.87049866
Tongatapu,-21.069702,-175.150888,Open,Fafa far control 2,1,64.49279785,64.02880096
Tongatapu,-21.069702,-175.150888,Open,Fafa far control 2,2,64.49279785,64.02880096
Tongatapu,-21.069702,-175.150888,Open,Fafa far control 2,3,64.49279785,64.02880096
Tongatapu,-21.069702,-175.150888,Open,Fafa far control 2,4,64.49279785,64.02880096
Tongatapu,-21.064712,-175.334528,FHR 2017,Haatafu FHR Resort,1,40.57970047,40.28779984
Tongatapu,-21.064712,-175.334528,FHR 2017,Haatafu FHR Resort,2,40.57970047,40.28779984
Tongatapu,-21.064712,-175.334528,FHR 2017,Haatafu FHR Resort,3,40.57970047,40.28779984
Tongatapu,-21.064712,-175.334528,FHR 2017,Haatafu FHR Resort,4,40.57970047,40.28779984
Tongatapu,-21.07089,-175.318779,FHR 2017,Haatafu FHR Town,1,47.10139847,46.76259995
Tongatapu,-21.07089,-175.318779,FHR 2017,Haatafu FHR Town,2,47.10139847,46.76259995
Tongatapu,-21.07089,-175.318779,SMA 2017,Haatafu FHR Town,3,47.10139847,46.76259995
Tongatapu,-21.07089,-175.318779,SMA 2017,Haatafu FHR Town,4,47.10139847,46.76259995
Tongatapu,-21.06213,-175.320742,SMA 2017,Haatafu SMA,1,43.47829819,43.16550064
Tongatapu,-21.06213,-175.320742,SMA 2017,Haatafu SMA,2,43.47829819,43.16550064
Tongatapu,-21.06213,-175.320742,SMA 2017,Haatafu SMA,3,43.47829819,43.16550064
Tongatapu,-21.06213,-175.320742,SMA 2017,Haatafu SMA,4,43.47829819,43.16550064
Tongatapu,-21.0135,-175.214819,Open,Hakau Manu 1,1,36.23189926,35.97119904
Tongatapu,-21.0135,-175.214819,Open,Hakau Manu 1,2,36.23189926,35.97119904
Tongatapu,-21.0135,-175.214819,Open,Hakau Manu 1,3,36.23189926,35.97119904
Tongatapu,-21.0135,-175.214819,Open,Hakau Manu 1,4,36.23189926,35.97119904
Tongatapu,-21.012842,-175.225802,Open,Hakau Manu 2,1,41.3042984,41.00719833
Tongatapu,-21.012842,-175.225802,Open,Hakau Manu 2,2,41.3042984,41.00719833
Tongatapu,-21.012842,-175.225802,Open,Hakau Manu 2,3,41.3042984,41.00719833
Tongatapu,-21.012842,-175.225802,Open,Hakau Manu 2,4,41.3042984,41.00719833
Tongatapu,-21.028808,-175.227747,Open,Hakau Manu 3,1,48.55070114,48.20140076
Tongatapu,-21.028808,-175.227747,Open,Hakau Manu 3,2,48.55070114,48.20140076
Tongatapu,-21.028808,-175.227747,Open,Hakau Manu 3,3,48.55070114,48.20140076
Tongatapu,-21.028808,-175.227747,Open,Hakau Manu 3,4,48.55070114,48.20140076
Tongatapu,-21.118898,-175.082472,FHR 2017,Kolonga FHR,1,63.04349899,62.58990097
Tongatapu,-21.118898,-175.082472,FHR 2017,Kolonga FHR,2,63.04349899,62.58990097
Tongatapu,-21.118898,-175.082472,FHR 2017,Kolonga FHR,3,63.04349899,62.58990097
Tongatapu,-21.118898,-175.082472,FHR 2017,Kolonga FHR,4,63.04349899,62.58990097
Tongatapu,-21.122412,-175.069519,SMA 2017,Kolonga SMA,1,63.04349899,62.58990097
Tongatapu,-21.122412,-175.069519,SMA 2017,Kolonga SMA,2,63.04349899,62.58990097
Tongatapu,-21.122412,-175.069519,SMA 2017,Kolonga SMA,3,63.04349899,62.58990097
Tongatapu,-21.122412,-175.069519,SMA 2017,Kolonga SMA,4,63.04349899,62.58990097
Tongatapu,-21.114016,-175.096048,Open,Lagoon Entrance 1,1,66.66670227,66.18699646
Tongatapu,-21.114016,-175.096048,Open,Lagoon Entrance 1,2,66.66670227,66.18699646
Tongatapu,-21.114016,-175.096048,Open,Lagoon Entrance 1,3,66.66670227,66.18699646
Tongatapu,-21.114016,-175.096048,Open,Lagoon Entrance 1,4,66.66670227,66.18699646
Tongatapu,-21.114718,-175.103451,Open,Lagoon Entrance 2,1,70.28990173,69.78420258
Tongatapu,-21.114718,-175.103451,Open,Lagoon Entrance 2,2,70.28990173,69.78420258
Tongatapu,-21.114718,-175.103451,Open,Lagoon Entrance 2,3,70.28990173,69.78420258
Tongatapu,-21.114718,-175.103451,Open,Lagoon Entrance 2,4,70.28990173,69.78420258
Tongatapu,-21.115658,-175.125053,Open,Lagoon Entrance 3,1,73.18840027,72.66190338
Tongatapu,-21.115658,-175.125053,Open,Lagoon Entrance 3,2,73.18840027,72.66190338
Tongatapu,-21.115658,-175.125053,Open,Lagoon Entrance 3,3,73.18840027,72.66190338
Tongatapu,-21.115658,-175.125053,Open,Lagoon Entrance 3,4,73.18840027,72.66190338
Tongatapu,-21.028968,-175.132365,Open,Malinoa 1,1,43.47829819,43.16550064
Tongatapu,-21.028968,-175.132365,Open,Malinoa 1,2,43.47829819,43.16550064
Tongatapu,-21.028968,-175.132365,Open,Malinoa 1,3,43.47829819,43.16550064
Tongatapu,-21.028968,-175.132365,Open,Malinoa 1,4,43.47829819,43.16550064
Tongatapu,-21.02623,-175.103306,Open,Malinoa 2,1,36.23189926,35.97119904
Tongatapu,-21.02623,-175.103306,Open,Malinoa 2,2,36.23189926,35.97119904
Tongatapu,-21.02623,-175.103306,Open,Malinoa 2,3,36.23189926,35.97119904
Tongatapu,-21.02623,-175.103306,Open,Malinoa 2,4,36.23189926,35.97119904
Tongatapu,-21.125744,-175.191784,Open,Middle reefs close,1,87.68119812,87.05039978
Tongatapu,-21.125744,-175.191784,Open,Middle reefs close,2,87.68119812,87.05039978
Tongatapu,-21.125744,-175.191784,Open,Middle reefs close,3,87.68119812,87.05039978
Tongatapu,-21.125744,-175.191784,Open,Middle reefs close,4,87.68119812,87.05039978
Tongatapu,-21.100047,-175.192548,Open,Middle reefs far,1,78.98549652,78.41729736
Tongatapu,-21.100047,-175.192548,Open,Middle reefs far,2,78.98549652,78.41729736
Tongatapu,-21.100047,-175.192548,Open,Middle reefs far,3,78.98549652,78.41729736
Tongatapu,-21.100047,-175.192548,Open,Middle reefs far,4,78.98549652,78.41729736
Tongatapu,-21.114349,-175.200589,Open,Middle reefs mid,1,81.88410187,81.29499817
Tongatapu,-21.114349,-175.200589,Open,Middle reefs mid,2,81.88410187,81.29499817
Tongatapu,-21.114349,-175.200589,Open,Middle reefs mid,3,81.88410187,81.29499817
Tongatapu,-21.114349,-175.200589,Open,Middle reefs mid,4,81.88410187,81.29499817
Tongatapu,-21.081231,-175.079874,Open,Military Island 1,1,50,49.64030075
Tongatapu,-21.081231,-175.079874,Open,Military Island 1,2,50,49.64030075
Tongatapu,-21.081231,-175.079874,Open,Military Island 1,3,50,49.64030075
Tongatapu,-21.081231,-175.079874,Open,Military Island 1,4,50,49.64030075
Tongatapu,-21.064149,-175.119131,Open,Military Island 2,1,55.79710007,55.39569855
Tongatapu,-21.064149,-175.119131,Open,Military Island 2,2,55.79710007,55.39569855
Tongatapu,-21.064149,-175.119131,Open,Military Island 2,3,55.79710007,55.39569855
Tongatapu,-21.064149,-175.119131,Open,Military Island 2,4,55.79710007,55.39569855
Tongatapu,-21.07463,-175.033128,Open,Nuku bommie 1,1,32.6086998,32.37409973
Tongatapu,-21.07463,-175.033128,Open,Nuku bommie 1,2,32.6086998,32.37409973
Tongatapu,-21.07463,-175.033128,Open,Nuku bommie 1,3,32.6086998,32.37409973
Tongatapu,-21.07463,-175.033128,Open,Nuku bommie 1,4,32.6086998,32.37409973
Tongatapu,-21.075596,-175.043427,Open,Nuku bommie 2,1,35.50719833,35.25180054
Tongatapu,-21.075596,-175.043427,Open,Nuku bommie 2,2,35.50719833,35.25180054
Tongatapu,-21.075596,-175.043427,Open,Nuku bommie 2,3,35.50719833,35.25180054
Tongatapu,-21.075596,-175.043427,Open,Nuku bommie 2,4,35.50719833,35.25180054
Tongatapu,-21.088919,-175.029736,Open,Nuku Island close,1,34.05799866,33.81299973
Tongatapu,-21.088919,-175.029736,Open,Nuku Island close,2,34.05799866,33.81299973
Tongatapu,-21.088919,-175.029736,Open,Nuku Island close,3,34.05799866,33.81299973
Tongatapu,-21.088919,-175.029736,Open,Nuku Island close,4,34.05799866,33.81299973
Tongatapu,-21.098388,-175.019346,Open,Nuku Outside 1,1,31.88409996,31.65469933
Tongatapu,-21.098388,-175.019346,Open,Nuku Outside 1,2,31.88409996,31.65469933
Tongatapu,-21.098388,-175.019346,Open,Nuku Outside 1,3,31.88409996,31.65469933
Tongatapu,-21.098388,-175.019346,Open,Nuku Outside 1,4,31.88409996,31.65469933
Tongatapu,-21.100227,-175.026669,Open,Nuku Outside 2,1,34.7826004,34.53239822
Tongatapu,-21.100227,-175.026669,Open,Nuku Outside 2,2,34.7826004,34.53239822
Tongatapu,-21.100227,-175.026669,Open,Nuku Outside 2,3,34.7826004,34.53239822
Tongatapu,-21.100227,-175.026669,Open,Nuku Outside 2,4,34.7826004,34.53239822
Tongatapu,-21.098177,-175.038988,Open,Nuku Outside 3,1,39.13040161,38.84889984
Tongatapu,-21.098177,-175.038988,Open,Nuku Outside 3,2,39.13040161,38.84889984
Tongatapu,-21.098177,-175.038988,Open,Nuku Outside 3,3,39.13040161,38.84889984
Tongatapu,-21.098177,-175.038988,Open,Nuku Outside 3,4,39.13040161,38.84889984
Tongatapu,-21.128952,-175.198496,Open,Palace,1,96.37680054,95.6835022
Tongatapu,-21.128952,-175.198496,Open,Palace,2,96.37680054,95.6835022
Tongatapu,-21.128952,-175.198496,Open,Palace,3,96.37680054,95.6835022
Tongatapu,-21.128952,-175.198496,Open,Palace,4,96.37680054,95.6835022
Tongatapu,-21.117974,-175.167165,FHR 2017,Pangaimotu,1,81.15940094,80.57550049
Tongatapu,-21.117974,-175.167165,FHR 2017,Pangaimotu,2,81.15940094,80.57550049
Tongatapu,-21.117974,-175.167165,FHR 2017,Pangaimotu,3,81.15940094,80.57550049
Tongatapu,-21.117974,-175.167165,FHR 2017,Pangaimotu,4,81.15940094,80.57550049
Tongatapu,-21.111216,-175.158547,Open,Pangaimotu control,1,78.98549652,78.41729736
Tongatapu,-21.111216,-175.158547,Open,Pangaimotu control,2,78.98549652,78.41729736
Tongatapu,-21.111216,-175.158547,Open,Pangaimotu control,3,78.98549652,78.41729736
Tongatapu,-21.111216,-175.158547,Open,Pangaimotu control,4,78.98549652,78.41729736
Tongatapu,-21.118868,-175.222622,Open,Sopu close,1,86.95649719,86.3309021
Tongatapu,-21.118868,-175.222622,Open,Sopu close,2,86.95649719,86.3309021
Tongatapu,-21.118868,-175.222622,Open,Sopu close,3,86.95649719,86.3309021
Tongatapu,-21.118868,-175.222622,Open,Sopu close,4,86.95649719,86.3309021
Tongatapu,-21.084891,-175.238244,Open,Sopu Far,1,70.28990173,69.78420258
Tongatapu,-21.084891,-175.238244,Open,Sopu Far,2,70.28990173,69.78420258
Tongatapu,-21.084891,-175.238244,Open,Sopu Far,3,70.28990173,69.78420258
Tongatapu,-21.084891,-175.238244,Open,Sopu Far,4,70.28990173,69.78420258
Tongatapu,-21.106123,-175.235168,Open,Sopu Mid,1,76.81159973,76.25900269
Tongatapu,-21.106123,-175.235168,Open,Sopu Mid,2,76.81159973,76.25900269
Tongatapu,-21.106123,-175.235168,Open,Sopu Mid,3,76.81159973,76.25900269
Tongatapu,-21.106123,-175.235168,Open,Sopu Mid,4,76.81159973,76.25900269
Tongatapu,-21.017137,-175.010061,Open,Tao Mid,1,11.59420013,11.51080036
Tongatapu,-21.017137,-175.010061,Open,Tao Mid,2,11.59420013,11.51080036
Tongatapu,-21.017137,-175.010061,Open,Tao Mid,3,11.59420013,11.51080036
Tongatapu,-21.017137,-175.010061,Open,Tao Mid,4,11.59420013,11.51080036
Tongatapu,-21.006439,-175.006724,Open,Tao North,1,8.695650101,8.633090019
Tongatapu,-21.006439,-175.006724,Open,Tao North,2,8.695650101,8.633090019
Tongatapu,-21.006439,-175.006724,Open,Tao North,3,8.695650101,8.633090019
Tongatapu,-21.006439,-175.006724,Open,Tao North,4,8.695650101,8.633090019
Tongatapu,-21.023756,-175.012877,Open,Tao South,1,13.76809978,13.66909981
Tongatapu,-21.023756,-175.012877,Open,Tao South,2,13.76809978,13.66909981
Tongatapu,-21.023756,-175.012877,Open,Tao South,3,13.76809978,13.66909981
Tongatapu,-21.023756,-175.012877,Open,Tao South,4,13.76809978,13.66909981
Tongatapu,-21.061982,-175.28456,Open,Tokatoka 1,1,52.1739006,51.79859924
Tongatapu,-21.061982,-175.28456,Open,Tokatoka 1,2,52.1739006,51.79859924
Tongatapu,-21.061982,-175.28456,Open,Tokatoka 1,3,52.1739006,51.79859924
Tongatapu,-21.061982,-175.28456,Open,Tokatoka 1,4,52.1739006,51.79859924
Tongatapu,-21.056678,-175.289464,Open,Tokatoka 2,1,49.27539825,48.92089844
Tongatapu,-21.056678,-175.289464,Open,Tokatoka 2,2,49.27539825,48.92089844
Tongatapu,-21.056678,-175.289464,Open,Tokatoka 2,3,49.27539825,48.92089844
Tongatapu,-21.056678,-175.289464,Open,Tokatoka 2,4,49.27539825,48.92089844
Tongatapu,-21.044035,-175.292405,Open,Tokatoka Far bommie,1,43.47829819,43.16550064
Tongatapu,-21.044035,-175.292405,Open,Tokatoka Far bommie,2,43.47829819,43.16550064
Tongatapu,-21.044035,-175.292405,Open,Tokatoka Far bommie,3,43.47829819,43.16550064
Tongatapu,-21.044035,-175.292405,Open,Tokatoka Far bommie,4,43.47829819,43.16550064
Vavau,-18.70191667,-174.0441333,SMA 2017,A'a Island,1,23.91300011,23.74099922
Vavau,-18.70191667,-174.0441333,SMA 2017,A'a Island,2,23.91300011,23.74099922
Vavau,-18.70191667,-174.0441333,SMA 2017,A'a Island,3,23.91300011,23.74099922
Vavau,-18.70191667,-174.0441333,SMA 2017,A'a Island,4,23.91300011,23.74099922
Vavau,-18.70578333,-173.9977833,Open,Afo Isl,1,23.18840027,23.74099922
Vavau,-18.70578333,-173.9977833,Open,Afo Isl,2,23.18840027,23.74099922
Vavau,-18.70578333,-173.9977833,Open,Afo Isl,3,23.18840027,23.74099922
Vavau,-18.70578333,-173.9977833,Open,Afo Isl,4,23.18840027,23.74099922
Vavau,-18.64413333,-173.9955167,Open,Boatyard,1,34.7826004,34.53239822
Vavau,-18.64413333,-173.9955167,Open,Boatyard,2,34.7826004,34.53239822
Vavau,-18.64413333,-173.9955167,Open,Boatyard,3,34.7826004,34.53239822
Vavau,-18.64413333,-173.9955167,Open,Boatyard,4,34.7826004,34.53239822
Vavau,-18.67,-173.9828333,Open,Chaveta Mooring,1,28.2609005,28.05760002
Vavau,-18.67,-173.9828333,Open,Chaveta Mooring,2,28.2609005,28.05760002
Vavau,-18.67,-173.9828333,Open,Chaveta Mooring,3,28.2609005,28.05760002
Vavau,-18.67,-173.9828333,Open,Chaveta Mooring,4,28.2609005,28.05760002
Vavau,-18.64968333,-174.06285,Open,Coastal West Side,1,22.46380043,22.30220032
Vavau,-18.64968333,-174.06285,Open,Coastal West Side,2,22.46380043,22.30220032
Vavau,-18.64968333,-174.06285,Open,Coastal West Side,3,22.46380043,22.30220032
Vavau,-18.64968333,-174.06285,Open,Coastal West Side,4,22.46380043,22.30220032
Vavau,-18.7589,-174.0659833,Open,Euakafa 1,1,15.2173996,15.10789967
Vavau,-18.7589,-174.0659833,Open,Euakafa 1,2,15.2173996,15.10789967
Vavau,-18.7589,-174.0659833,Open,Euakafa 1,3,15.2173996,15.10789967
Vavau,-18.7589,-174.0659833,Open,Euakafa 1,4,15.2173996,15.10789967
Vavau,-18.7578,-174.0561833,Open,Euakafa 2,1,15.94200039,15.82730007
Vavau,-18.7578,-174.0561833,Open,Euakafa 2,2,15.94200039,15.82730007
Vavau,-18.7578,-174.0561833,Open,Euakafa 2,3,15.94200039,15.82730007
Vavau,-18.7578,-174.0561833,Open,Euakafa 2,4,15.94200039,15.82730007
Vavau,-18.76053333,-174.0440167,Open,Euakafa 3,1,15.94200039,15.82730007
Vavau,-18.76053333,-174.0440167,Open,Euakafa 3,2,15.94200039,15.82730007
Vavau,-18.76053333,-174.0440167,Open,Euakafa 3,3,15.94200039,15.82730007
Vavau,-18.76053333,-174.0440167,Open,Euakafa 3,4,15.94200039,15.82730007
Vavau,-18.76875,-174.0222333,FHR 2017,Euiki Point,1,15.94200039,15.82730007
Vavau,-18.76875,-174.0222333,FHR 2017,Euiki Point,2,15.94200039,15.82730007
Vavau,-18.76875,-174.0222333,FHR 2017,Euiki Point,3,15.94200039,15.82730007
Vavau,-18.76875,-174.0222333,FHR 2017,Euiki Point,4,15.94200039,15.82730007
Vavau,-18.7654,-174.0217833,FHR 2017,Euiki West side,1,15.94200039,15.82730007
Vavau,-18.7654,-174.0217833,FHR 2017,Euiki West side,2,15.94200039,15.82730007
Vavau,-18.7654,-174.0217833,FHR 2017,Euiki West side,3,15.94200039,15.82730007
Vavau,-18.7654,-174.0217833,FHR 2017,Euiki West side,4,15.94200039,15.82730007
Vavau,-18.72135,-174.0371667,SMA 2017,Falevai SMA (Bommie after Nuku),1,21.7390995,21.58270073
Vavau,-18.72135,-174.0371667,SMA 2017,Falevai SMA (Bommie after Nuku),2,21.7390995,21.58270073
Vavau,-18.72135,-174.0371667,SMA 2017,Falevai SMA (Bommie after Nuku),3,21.7390995,21.58270073
Vavau,-18.72135,-174.0371667,SMA 2017,Falevai SMA (Bommie after Nuku),4,21.7390995,21.58270073
Vavau,-18.638973,-173.999602,Open,Far boatyard,1,28.2609005,28.05760002
Vavau,-18.638973,-173.999602,Open,Far boatyard,2,28.2609005,28.05760002
Vavau,-18.638973,-173.999602,Open,Far boatyard,3,28.2609005,28.05760002
Vavau,-18.638973,-173.999602,Open,Far boatyard,4,28.2609005,28.05760002
Vavau,-18.67025,-173.98925,SMA 2017,Far Hubs Lines,1,28.98550034,28.77700043
Vavau,-18.67025,-173.98925,SMA 2017,Far Hubs Lines,2,28.98550034,28.77700043
Vavau,-18.67025,-173.98925,SMA 2017,Far Hubs Lines,3,28.98550034,28.77700043
Vavau,-18.67025,-173.98925,SMA 2017,Far Hubs Lines,4,28.98550034,28.77700043
Vavau,-18.71398333,-173.9768667,Open,Fefine Isl,1,21.01449966,20.86330032
Vavau,-18.71398333,-173.9768667,Open,Fefine Isl,2,21.01449966,20.86330032
Vavau,-18.71398333,-173.9768667,Open,Fefine Isl,3,21.01449966,20.86330032
Vavau,-18.71398333,-173.9768667,Open,Fefine Isl,4,21.01449966,20.86330032
Vavau,-18.7018,-173.9823333,Open,Golfcourse point,1,23.18840027,23.74099922
Vavau,-18.7018,-173.9823333,Open,Golfcourse point,2,23.18840027,23.74099922
Vavau,-18.7018,-173.9823333,Open,Golfcourse point,3,23.18840027,23.74099922
Vavau,-18.7018,-173.9823333,Open,Golfcourse point,4,23.18840027,23.74099922
Vavau,-18.66301667,-173.9885333,SMA 2017,Hubs Line,1,31.88409996,31.65469933
Vavau,-18.66301667,-173.9885333,SMA 2017,Hubs Line,2,31.88409996,31.65469933
Vavau,-18.66301667,-173.9885333,SMA 2017,Hubs Line,3,31.88409996,31.65469933
Vavau,-18.66301667,-173.9885333,SMA 2017,Hubs Line,4,31.88409996,31.65469933
Vavau,-18.67166667,-174.07435,Open,Hunga Point Small Island,1,18.84059906,18.70499992
Vavau,-18.67166667,-174.07435,Open,Hunga Point Small Island,2,18.84059906,18.70499992
Vavau,-18.67166667,-174.07435,Open,Hunga Point Small Island,3,18.84059906,18.70499992
Vavau,-18.67166667,-174.07435,Open,Hunga Point Small Island,4,18.84059906,18.70499992
Vavau,-18.71645,-174.1473333,SMA 2017,Hunga Vavau PSW 1,1,10.14490032,10.07190037
Vavau,-18.71645,-174.1473333,SMA 2017,Hunga Vavau PSW 1,2,10.14490032,10.07190037
Vavau,-18.71645,-174.1473333,SMA 2017,Hunga Vavau PSW 1,3,10.14490032,10.07190037
Vavau,-18.71645,-174.1473333,SMA 2017,Hunga Vavau PSW 1,4,10.14490032,10.07190037
Vavau,-18.7096,-174.1288167,SMA 2017,Hunga Vavau PSW 2,1,12.31879997,12.23019981
Vavau,-18.7096,-174.1288167,SMA 2017,Hunga Vavau PSW 2,2,12.31879997,12.23019981
Vavau,-18.7096,-174.1288167,SMA 2017,Hunga Vavau PSW 2,3,12.31879997,12.23019981
Vavau,-18.7096,-174.1288167,SMA 2017,Hunga Vavau PSW 2,4,12.31879997,12.23019981
Vavau,-18.69213333,-174.1383,SMA 2017,Hunga Vavau PSW 3,1,13.76809978,13.66909981
Vavau,-18.69213333,-174.1383,SMA 2017,Hunga Vavau PSW 3,2,13.76809978,13.66909981
Vavau,-18.69213333,-174.1383,SMA 2017,Hunga Vavau PSW 3,3,13.76809978,13.66909981
Vavau,-18.69213333,-174.1383,SMA 2017,Hunga Vavau PSW 3,4,13.76809978,13.66909981
Vavau,-18.69516667,-174.1294,FHR 2017,Hunga Vavau PSW 4 (lagoon),1,14.49279976,14.38850021
Vavau,-18.69516667,-174.1294,FHR 2017,Hunga Vavau PSW 4 (lagoon),2,14.49279976,14.38850021
Vavau,-18.69516667,-174.1294,FHR 2017,Hunga Vavau PSW 4 (lagoon),3,14.49279976,14.38850021
Vavau,-18.69516667,-174.1294,FHR 2017,Hunga Vavau PSW 4 (lagoon),4,14.49279976,14.38850021
Vavau,-18.66866667,-174.1055667,SMA 2017,Hunga Vavau PSW 5,1,15.94200039,15.82730007
Vavau,-18.66866667,-174.1055667,SMA 2017,Hunga Vavau PSW 5,2,15.94200039,15.82730007
Vavau,-18.66866667,-174.1055667,SMA 2017,Hunga Vavau PSW 5,3,15.94200039,15.82730007
Vavau,-18.66866667,-174.1055667,SMA 2017,Hunga Vavau PSW 5,4,15.94200039,15.82730007
Vavau,-18.72311667,-173.99445,Open,Iautala Isl,1,20.28989983,20.14389992
Vavau,-18.72311667,-173.99445,Open,Iautala Isl,2,20.28989983,20.14389992
Vavau,-18.72311667,-173.99445,Open,Iautala Isl,3,20.28989983,20.14389992
Vavau,-18.72311667,-173.99445,Open,Iautala Isl,4,20.28989983,20.14389992
Vavau,-18.69408333,-174.0245833,Open,Japanese Gardens,1,27.53619957,27.33810043
Vavau,-18.69408333,-174.0245833,Open,Japanese Gardens,2,27.53619957,27.33810043
Vavau,-18.69408333,-174.0245833,Open,Japanese Gardens,3,27.53619957,27.33810043
Vavau,-18.69408333,-174.0245833,Open,Japanese Gardens,4,27.53619957,27.33810043
Vavau,-18.6827,-174.0665833,Open,Kitu Island,1,20.28989983,20.14389992
Vavau,-18.6827,-174.0665833,Open,Kitu Island,2,20.28989983,20.14389992
Vavau,-18.6827,-174.0665833,Open,Kitu Island,3,20.28989983,20.14389992
Vavau,-18.6827,-174.0665833,Open,Kitu Island,4,20.28989983,20.14389992
Vavau,-18.72418333,-174.0850833,SMA 2017,Lape Bommie,1,18.11590004,17.98559952
Vavau,-18.72418333,-174.0850833,SMA 2017,Lape Bommie,2,18.11590004,17.98559952
Vavau,-18.72418333,-174.0850833,SMA 2017,Lape Bommie,3,18.11590004,17.98559952
Vavau,-18.72418333,-174.0850833,SMA 2017,Lape Bommie,4,18.11590004,17.98559952
Vavau,-18.73288333,-174.0840333,Open,Lape Ovaka Bommie 1,1,17.3913002,17.26619911
Vavau,-18.73288333,-174.0840333,Open,Lape Ovaka Bommie 1,2,17.3913002,17.26619911
Vavau,-18.73288333,-174.0840333,Open,Lape Ovaka Bommie 1,3,17.3913002,17.26619911
Vavau,-18.73288333,-174.0840333,Open,Lape Ovaka Bommie 1,4,17.3913002,17.26619911
Vavau,-18.73721667,-174.0818833,Open,Lape Ovaka Bommie 2,1,17.3913002,17.26619911
Vavau,-18.73721667,-174.0818833,Open,Lape Ovaka Bommie 2,2,17.3913002,17.26619911
Vavau,-18.73721667,-174.0818833,Open,Lape Ovaka Bommie 2,3,17.3913002,17.26619911
Vavau,-18.73721667,-174.0818833,Open,Lape Ovaka Bommie 2,4,17.3913002,17.26619911
Vavau,-18.6914,-174.0451833,Open,Luakapa Island,1,23.18840027,23.02160072
Vavau,-18.6914,-174.0451833,Open,Luakapa Island,2,23.18840027,23.02160072
Vavau,-18.6914,-174.0451833,Open,Luakapa Island,3,23.18840027,23.02160072
Vavau,-18.6914,-174.0451833,Open,Luakapa Island,4,23.18840027,23.02160072
Vavau,-18.71826667,-174.0551667,Open,Luaofa Island,1,20.28989983,20.14389992
Vavau,-18.71826667,-174.0551667,Open,Luaofa Island,2,20.28989983,20.14389992
Vavau,-18.71826667,-174.0551667,Open,Luaofa Island,3,20.28989983,20.14389992
Vavau,-18.71826667,-174.0551667,Open,Luaofa Island,4,20.28989983,20.14389992
Vavau,-18.70451667,-174.0061833,Open,Malafakalava pt (Ano beach pt),1,23.18840027,23.02160072
Vavau,-18.70451667,-174.0061833,Open,Malafakalava pt (Ano beach pt),2,23.18840027,23.02160072
Vavau,-18.70451667,-174.0061833,Open,Malafakalava pt (Ano beach pt),3,23.18840027,23.02160072
Vavau,-18.70451667,-174.0061833,Open,Malafakalava pt (Ano beach pt),4,23.18840027,23.02160072
Vavau,-18.70943333,-174.0685833,Open,Matamaka Anchorage,1,23.91300011,23.74099922
Vavau,-18.70943333,-174.0685833,Open,Matamaka Anchorage,2,23.91300011,23.74099922
Vavau,-18.70943333,-174.0685833,Open,Matamaka Anchorage,3,23.91300011,23.74099922
Vavau,-18.70943333,-174.0685833,Open,Matamaka Anchorage,4,23.91300011,23.74099922
Vavau,-18.71286667,-174.0724333,Open,Matamaka Bommie 2,1,22.46380043,22.30220032
Vavau,-18.71286667,-174.0724333,Open,Matamaka Bommie 2,2,22.46380043,22.30220032
Vavau,-18.71286667,-174.0724333,Open,Matamaka Bommie 2,3,22.46380043,22.30220032
Vavau,-18.71286667,-174.0724333,Open,Matamaka Bommie 2,4,22.46380043,22.30220032
Vavau,-18.7179,-174.07485,Open,Matamaka Lape island,1,21.7390995,21.58270073
Vavau,-18.7179,-174.07485,Open,Matamaka Lape island,2,21.7390995,21.58270073
Vavau,-18.7179,-174.07485,Open,Matamaka Lape island,3,21.7390995,21.58270073
Vavau,-18.7179,-174.07485,Open,Matamaka Lape island,4,21.7390995,21.58270073
Vavau,-18.7163,-174.0593667,Open,Matamaka Point,1,21.7390995,21.58270073
Vavau,-18.7163,-174.0593667,Open,Matamaka Point,2,21.7390995,21.58270073
Vavau,-18.7163,-174.0593667,Open,Matamaka Point,3,21.7390995,21.58270073
Vavau,-18.7163,-174.0593667,Open,Matamaka Point,4,21.7390995,21.58270073
Vavau,-18.71135,-174.0694833,Open,Matamaka Village,1,23.91300011,23.74099922
Vavau,-18.71135,-174.0694833,Open,Matamaka Village,2,23.91300011,23.74099922
Vavau,-18.71135,-174.0694833,Open,Matamaka Village,3,23.91300011,23.74099922
Vavau,-18.71135,-174.0694833,Open,Matamaka Village,4,23.91300011,23.74099922
Vavau,-18.65521667,-173.983,Open,Neiafu Anchorage,1,42.75360107,42.44599915
Vavau,-18.65521667,-173.983,Open,Neiafu Anchorage,2,42.75360107,42.44599915
Vavau,-18.65521667,-173.983,Open,Neiafu Anchorage,3,42.75360107,42.44599915
Vavau,-18.71668333,-174.0449,FHR 2017,Nuku Island,1,21.01449966,20.86330032
Vavau,-18.71668333,-174.0449,FHR 2017,Nuku Island,2,21.01449966,20.86330032
Vavau,-18.71668333,-174.0449,FHR 2017,Nuku Island,3,21.01449966,20.86330032
Vavau,-18.71668333,-174.0449,FHR 2017,Nuku Island,4,21.01449966,20.86330032
Vavau,-18.71608333,-173.9445667,Open,Ofu Bommie 1,1,19.56520081,19.42449951
Vavau,-18.71608333,-173.9445667,Open,Ofu Bommie 1,2,19.56520081,19.42449951
Vavau,-18.71608333,-173.9445667,Open,Ofu Bommie 1,3,19.56520081,19.42449951
Vavau,-18.71608333,-173.9445667,Open,Ofu Bommie 1,4,19.56520081,19.42449951
Vavau,-18.70571667,-173.9492333,SMA 2017,Ofu Bommie 2,1,20.28989983,20.14389992
Vavau,-18.70571667,-173.9492333,SMA 2017,Ofu Bommie 2,2,20.28989983,20.14389992
Vavau,-18.70571667,-173.9492333,SMA 2017,Ofu Bommie 2,3,20.28989983,20.14389992
Vavau,-18.70571667,-173.9492333,SMA 2017,Ofu Bommie 2,4,20.28989983,20.14389992
Vavau,-18.72718333,-173.9520667,Open,Ofu Bommie Far,1,18.84059906,18.70499992
Vavau,-18.72718333,-173.9520667,Open,Ofu Bommie Far,2,18.84059906,18.70499992
Vavau,-18.72718333,-173.9520667,Open,Ofu Bommie Far,3,18.84059906,18.70499992
Vavau,-18.72718333,-173.9520667,Open,Ofu Bommie Far,4,18.84059906,18.70499992
Vavau,-18.7133,-173.9554333,FHR 2017,Ofu FHR South,1,20.28989983,20.14389992
Vavau,-18.7133,-173.9554333,FHR 2017,Ofu FHR South,2,20.28989983,20.14389992
Vavau,-18.7133,-173.9554333,FHR 2017,Ofu FHR South,3,20.28989983,20.14389992
Vavau,-18.7133,-173.9554333,FHR 2017,Ofu FHR South,4,20.28989983,20.14389992
Vavau,-18.7215,-173.9627833,Open,Ofu Tapana Point,1,20.28989983,20.14389992
Vavau,-18.7215,-173.9627833,Open,Ofu Tapana Point,2,20.28989983,20.14389992
Vavau,-18.7215,-173.9627833,Open,Ofu Tapana Point,3,20.28989983,20.14389992
Vavau,-18.7215,-173.9627833,Open,Ofu Tapana Point,4,20.28989983,20.14389992
Vavau,-18.66946667,-173.9678167,Open,Old Harbour East,1,24.63769913,24.46039963
Vavau,-18.66946667,-173.9678167,Open,Old Harbour East,2,24.63769913,24.46039963
Vavau,-18.66946667,-173.9678167,Open,Old Harbour East,3,24.63769913,24.46039963
Vavau,-18.66946667,-173.9678167,Open,Old Harbour East,4,24.63769913,24.46039963
Vavau,-18.65365,-173.9720167,Open,Old Harbour North,1,40.57970047,40.28779984
Vavau,-18.65365,-173.9720167,Open,Old Harbour North,2,40.57970047,40.28779984
Vavau,-18.65365,-173.9720167,Open,Old Harbour North,3,40.57970047,40.28779984
Vavau,-18.65365,-173.9720167,Open,Old Harbour North,4,40.57970047,40.28779984
Vavau,-18.67418333,-173.9737167,Open,Old harbour West,1,24.63769913,24.46039963
Vavau,-18.67418333,-173.9737167,Open,Old harbour West,2,24.63769913,24.46039963
Vavau,-18.67418333,-173.9737167,Open,Old harbour West,3,24.63769913,24.46039963
Vavau,-18.67418333,-173.9737167,Open,Old harbour West,4,24.63769913,24.46039963
Vavau,-18.67611667,-173.9610833,Open,Oloua Pt.,1,22.46380043,22.30220032
Vavau,-18.67611667,-173.9610833,Open,Oloua Pt.,2,22.46380043,22.30220032
Vavau,-18.67611667,-173.9610833,Open,Oloua Pt.,3,22.46380043,22.30220032
Vavau,-18.67611667,-173.9610833,Open,Oloua Pt.,4,22.46380043,22.30220032
Vavau,-18.64473333,-174.01345,Open,Opposite Utulei Lagoon Ridge,1,24.63769913,24.46039963
Vavau,-18.64473333,-174.01345,Open,Opposite Utulei Lagoon Ridge,2,24.63769913,24.46039963
Vavau,-18.64473333,-174.01345,Open,Opposite Utulei Lagoon Ridge,3,24.63769913,24.46039963
Vavau,-18.64473333,-174.01345,Open,Opposite Utulei Lagoon Ridge,4,24.63769913,24.46039963
Vavau,-18.683,-174.0405,Open,Otea Fringing,1,24.63769913,24.46039963
Vavau,-18.683,-174.0405,Open,Otea Fringing,2,24.63769913,24.46039963
Vavau,-18.683,-174.0405,Open,Otea Fringing,3,24.63769913,24.46039963
Vavau,-18.683,-174.0405,Open,Otea Fringing,4,24.63769913,24.46039963
Vavau,-18.68181667,-174.0424333,Open,Otea Wall,1,23.91300011,23.74099922
Vavau,-18.68181667,-174.0424333,Open,Otea Wall,2,23.91300011,23.74099922
Vavau,-18.68181667,-174.0424333,Open,Otea Wall,3,23.91300011,23.74099922
Vavau,-18.68181667,-174.0424333,Open,Otea Wall,4,23.91300011,23.74099922
Vavau,-18.70461667,-174.0574333,Open,Oto Island,1,24.63769913,24.46039963
Vavau,-18.70461667,-174.0574333,Open,Oto Island,2,24.63769913,24.46039963
Vavau,-18.70461667,-174.0574333,Open,Oto Island,3,24.63769913,24.46039963
Vavau,-18.70461667,-174.0574333,Open,Oto Island,4,24.63769913,24.46039963
Vavau,-18.85126667,-173.9981167,Open,Outer Island 1,1,5.072460175,5.035970211
Vavau,-18.85126667,-173.9981167,Open,Outer Island 1,2,5.072460175,5.035970211
Vavau,-18.85126667,-173.9981167,Open,Outer Island 1,3,5.072460175,5.035970211
Vavau,-18.85126667,-173.9981167,Open,Outer Island 1,4,5.072460175,5.035970211
Vavau,-18.85746667,-173.9990833,Open,Outer Islands 2,1,4.347829819,4.316549778
Vavau,-18.85746667,-173.9990833,Open,Outer Islands 2,2,4.347829819,4.316549778
Vavau,-18.85746667,-173.9990833,Open,Outer Islands 2,3,4.347829819,4.316549778
Vavau,-18.85746667,-173.9990833,Open,Outer Islands 2,4,4.347829819,4.316549778
Vavau,-18.84805,-174.0073167,Open,Outer Islands 3,1,5.797100067,5.755400181
Vavau,-18.84805,-174.0073167,Open,Outer Islands 3,2,5.797100067,5.755400181
Vavau,-18.84805,-174.0073167,Open,Outer Islands 3,3,5.797100067,5.755400181
Vavau,-18.84805,-174.0073167,Open,Outer Islands 3,4,5.797100067,5.755400181
Vavau,-18.83871667,-174.0099,Open,Outer Islands 4,1,7.246379852,7.194240093
Vavau,-18.83871667,-174.0099,Open,Outer Islands 4,2,7.246379852,7.194240093
Vavau,-18.83871667,-174.0099,Open,Outer Islands 4,3,7.246379852,7.194240093
Vavau,-18.83871667,-174.0099,Open,Outer Islands 4,4,7.246379852,7.194240093
Vavau,-18.81926667,-174.0654667,Open,Outer Islands 5,1,7.971010208,7.913670063
Vavau,-18.81926667,-174.0654667,Open,Outer Islands 5,2,7.971010208,7.913670063
Vavau,-18.81926667,-174.0654667,Open,Outer Islands 5,3,7.971010208,7.913670063
Vavau,-18.81926667,-174.0654667,Open,Outer Islands 5,4,7.971010208,7.913670063
Vavau,-18.8157,-174.0624,Open,Outer Islands 6,1,8.695650101,8.633090019
Vavau,-18.8157,-174.0624,Open,Outer Islands 6,2,8.695650101,8.633090019
Vavau,-18.8157,-174.0624,Open,Outer Islands 6,3,8.695650101,8.633090019
Vavau,-18.8157,-174.0624,Open,Outer Islands 6,4,8.695650101,8.633090019
Vavau,-18.81711667,-174.0786667,Open,Outer Islands 7,1,7.971010208,7.913670063
Vavau,-18.81711667,-174.0786667,Open,Outer Islands 7,2,7.971010208,7.913670063
Vavau,-18.81711667,-174.0786667,Open,Outer Islands 7,3,7.971010208,7.913670063
Vavau,-18.81711667,-174.0786667,Open,Outer Islands 7,4,7.971010208,7.913670063
Vavau,-18.81838333,-174.0849667,Open,Outer Islands 8,1,7.246379852,7.194240093
Vavau,-18.81838333,-174.0849667,Open,Outer Islands 8,2,7.246379852,7.194240093
Vavau,-18.81838333,-174.0849667,Open,Outer Islands 8,3,7.246379852,7.194240093
Vavau,-18.81838333,-174.0849667,Open,Outer Islands 8,4,7.246379852,7.194240093
Vavau,-18.69368333,-174.0186333,SMA 2017,Outside edge Mala Isl,1,26.08699989,25.89929962
Vavau,-18.69368333,-174.0186333,SMA 2017,Outside edge Mala Isl,2,26.08699989,25.89929962
Vavau,-18.69368333,-174.0186333,SMA 2017,Outside edge Mala Isl,3,26.08699989,25.89929962
Vavau,-18.69368333,-174.0186333,SMA 2017,Outside edge Mala Isl,4,26.08699989,25.89929962
Vavau,-18.76176667,-174.0988333,FHR Existing,Ovaka FHR 1,1,0,12.94960022
Vavau,-18.76176667,-174.0988333,FHR Existing,Ovaka FHR 1,2,0,12.94960022
Vavau,-18.76176667,-174.0988333,FHR Existing,Ovaka FHR 1,3,0,12.94960022
Vavau,-18.76176667,-174.0988333,FHR Existing,Ovaka FHR 1,4,0,12.94960022
Vavau,-18.75658333,-174.0994667,FHR Existing,Ovaka FHR 2,1,0,13.66909981
Vavau,-18.75658333,-174.0994667,FHR Existing,Ovaka FHR 2,2,0,13.66909981
Vavau,-18.75658333,-174.0994667,FHR Existing,Ovaka FHR 2,3,0,13.66909981
Vavau,-18.75658333,-174.0994667,FHR Existing,Ovaka FHR 2,4,0,13.66909981
Vavau,-18.75438333,-174.0986167,FHR Existing,Ovaka FHR 3,1,0,15.10789967
Vavau,-18.75438333,-174.0986167,FHR Existing,Ovaka FHR 3,2,0,15.10789967
Vavau,-18.75438333,-174.0986167,FHR Existing,Ovaka FHR 3,3,0,15.10789967
Vavau,-18.75438333,-174.0986167,FHR Existing,Ovaka FHR 3,4,0,15.10789967
Vavau,-18.75108333,-174.0997,FHR Existing,Ovaka FHR 4 (Edge),1,0,15.10789967
Vavau,-18.75108333,-174.0997,FHR Existing,Ovaka FHR 4 (Edge),2,0,15.10789967
Vavau,-18.75108333,-174.0997,FHR Existing,Ovaka FHR 4 (Edge),3,0,15.10789967
Vavau,-18.75108333,-174.0997,FHR Existing,Ovaka FHR 4 (Edge),4,0,15.10789967
Vavau,-18.7612,-174.0934833,FHR Existing,Ovaka FHR 5 (Lagoon),1,0,13.66909981
Vavau,-18.7612,-174.0934833,FHR Existing,Ovaka FHR 5 (Lagoon),2,0,13.66909981
Vavau,-18.7612,-174.0934833,FHR Existing,Ovaka FHR 5 (Lagoon),3,0,13.66909981
Vavau,-18.7612,-174.0934833,FHR Existing,Ovaka FHR 5 (Lagoon),4,0,13.66909981
Vavau,-18.75395,-174.0730333,Open,Ovaka Outer Island Reef,1,15.2173996,15.10789967
Vavau,-18.75395,-174.0730333,Open,Ovaka Outer Island Reef,2,15.2173996,15.10789967
Vavau,-18.75395,-174.0730333,Open,Ovaka Outer Island Reef,3,15.2173996,15.10789967
Vavau,-18.75395,-174.0730333,Open,Ovaka Outer Island Reef,4,15.2173996,15.10789967
Vavau,-18.75061667,-174.1004167,SMA Existing,Ovaka SMA 1 (Edge),1,2.898550034,15.10789967
Vavau,-18.75061667,-174.1004167,SMA Existing,Ovaka SMA 1 (Edge),2,2.898550034,15.10789967
Vavau,-18.75061667,-174.1004167,SMA Existing,Ovaka SMA 1 (Edge),3,2.898550034,15.10789967
Vavau,-18.75061667,-174.1004167,SMA Existing,Ovaka SMA 1 (Edge),4,2.898550034,15.10789967
Vavau,-18.74981667,-174.1065167,SMA Existing,Ovaka SMA 2,1,2.898550034,14.38850021
Vavau,-18.74981667,-174.1065167,SMA Existing,Ovaka SMA 2,2,2.898550034,14.38850021
Vavau,-18.74981667,-174.1065167,SMA Existing,Ovaka SMA 2,3,2.898550034,14.38850021
Vavau,-18.74981667,-174.1065167,SMA Existing,Ovaka SMA 2,4,2.898550034,14.38850021
Vavau,-18.74398333,-174.1125,SMA Existing,Ovaka SMA 3,1,2.898550034,13.66909981
Vavau,-18.74398333,-174.1125,SMA Existing,Ovaka SMA 3,2,2.898550034,13.66909981
Vavau,-18.74398333,-174.1125,SMA Existing,Ovaka SMA 3,3,2.898550034,13.66909981
Vavau,-18.74398333,-174.1125,SMA Existing,Ovaka SMA 3,4,2.898550034,13.66909981
Vavau,-18.74075,-174.097,SMA Existing,Ovaka SMA 4 (Village),1,2.898550034,17.26619911
Vavau,-18.74075,-174.097,SMA Existing,Ovaka SMA 4 (Village),2,2.898550034,17.26619911
Vavau,-18.74075,-174.097,SMA Existing,Ovaka SMA 4 (Village),3,2.898550034,17.26619911
Vavau,-18.74075,-174.097,SMA Existing,Ovaka SMA 4 (Village),4,2.898550034,17.26619911
Vavau,-18.7483,-174.07795,SMA Existing,Ovaka SMA 5 (Outer Island),1,2.898550034,15.82730007
Vavau,-18.7483,-174.07795,SMA Existing,Ovaka SMA 5 (Outer Island),2,2.898550034,15.82730007
Vavau,-18.7483,-174.07795,SMA Existing,Ovaka SMA 5 (Outer Island),3,2.898550034,15.82730007
Vavau,-18.7483,-174.07795,SMA Existing,Ovaka SMA 5 (Outer Island),4,2.898550034,15.82730007
Vavau,-18.65653333,-174.0169667,Open,Point Opposite Utulei Island,1,26.08699989,25.89929962
Vavau,-18.65653333,-174.0169667,Open,Point Opposite Utulei Island,2,26.08699989,25.89929962
Vavau,-18.65653333,-174.0169667,Open,Point Opposite Utulei Island,3,26.08699989,25.89929962
Vavau,-18.65653333,-174.0169667,Open,Point Opposite Utulei Island,4,26.08699989,25.89929962
Vavau,-18.70088333,-174.0287,Open,Port Maurelle,1,26.81159973,26.61870003
Vavau,-18.70088333,-174.0287,Open,Port Maurelle,2,26.81159973,26.61870003
Vavau,-18.70088333,-174.0287,Open,Port Maurelle,3,26.81159973,26.61870003
Vavau,-18.70088333,-174.0287,Open,Port Maurelle,4,26.81159973,26.61870003
Vavau,-18.70175,-174.03505,SMA 2017,Port Maurelle Point,1,25.36230087,25.17989922
Vavau,-18.70175,-174.03505,SMA 2017,Port Maurelle Point,2,25.36230087,25.17989922
Vavau,-18.70175,-174.03505,SMA 2017,Port Maurelle Point,3,25.36230087,25.17989922
Vavau,-18.70175,-174.03505,SMA 2017,Port Maurelle Point,4,25.36230087,25.17989922
Vavau,-18.749,-173.9854667,Open,Southern Shoals,1,18.11590004,17.98559952
Vavau,-18.749,-173.9854667,Open,Southern Shoals,2,18.11590004,17.98559952
Vavau,-18.749,-173.9854667,Open,Southern Shoals,3,18.11590004,17.98559952
Vavau,-18.749,-173.9854667,Open,Southern Shoals,4,18.11590004,17.98559952
Vavau,-18.68643333,-174.0467833,Open,Swallows Cave East,1,22.46380043,22.30220032
Vavau,-18.68643333,-174.0467833,Open,Swallows Cave East,2,22.46380043,22.30220032
Vavau,-18.68643333,-174.0467833,Open,Swallows Cave East,3,22.46380043,22.30220032
Vavau,-18.68643333,-174.0467833,Open,Swallows Cave East,4,22.46380043,22.30220032
Vavau,-18.68328333,-174.0475667,Open,Swallows Cave West,1,22.46380043,22.30220032
Vavau,-18.68328333,-174.0475667,Open,Swallows Cave West,2,22.46380043,22.30220032
Vavau,-18.68328333,-174.0475667,Open,Swallows Cave West,3,22.46380043,22.30220032
Vavau,-18.68328333,-174.0475667,Open,Swallows Cave West,4,22.46380043,22.30220032
Vavau,-18.75185,-174.0137,FHR Existing,Taunga FHR 1,1,18.84059906,18.70499992
Vavau,-18.75185,-174.0137,FHR Existing,Taunga FHR 1,2,18.84059906,18.70499992
Vavau,-18.75185,-174.0137,FHR Existing,Taunga FHR 1,3,18.84059906,18.70499992
Vavau,-18.75185,-174.0137,FHR Existing,Taunga FHR 1,4,18.84059906,18.70499992
Vavau,-18.75631667,-174.0148167,FHR Existing,Taunga FHR 2,1,18.11590004,17.98559952
Vavau,-18.75631667,-174.0148167,FHR Existing,Taunga FHR 2,2,18.11590004,17.98559952
Vavau,-18.75631667,-174.0148167,FHR Existing,Taunga FHR 2,3,18.11590004,17.98559952
Vavau,-18.75631667,-174.0148167,FHR Existing,Taunga FHR 2,4,18.11590004,17.98559952
Vavau,-18.76346667,-174.0110833,FHR Existing,Taunga FHR 3,1,16.66670036,16.54680061
Vavau,-18.76346667,-174.0110833,FHR Existing,Taunga FHR 3,2,16.66670036,16.54680061
Vavau,-18.76346667,-174.0110833,FHR Existing,Taunga FHR 3,3,16.66670036,16.54680061
Vavau,-18.76346667,-174.0110833,FHR Existing,Taunga FHR 3,4,16.66670036,16.54680061
Vavau,-18.77301667,-174.0011,Open,Taunga Outer Reef 1,1,15.94200039,15.82730007
Vavau,-18.77301667,-174.0011,Open,Taunga Outer Reef 1,2,15.94200039,15.82730007
Vavau,-18.77301667,-174.0011,Open,Taunga Outer Reef 1,3,15.94200039,15.82730007
Vavau,-18.77301667,-174.0011,Open,Taunga Outer Reef 1,4,15.94200039,15.82730007
Vavau,-18.77353333,-173.9910833,Open,Taunga Outer Reef 2,1,15.2173996,15.10789967
Vavau,-18.77353333,-173.9910833,Open,Taunga Outer Reef 2,2,15.2173996,15.10789967
Vavau,-18.77353333,-173.9910833,Open,Taunga Outer Reef 2,3,15.2173996,15.10789967
Vavau,-18.77353333,-173.9910833,Open,Taunga Outer Reef 2,4,15.2173996,15.10789967
Vavau,-18.78326667,-173.9800833,Open,Taunga Outer Reef 3,1,13.76809978,13.66909981
Vavau,-18.78326667,-173.9800833,Open,Taunga Outer Reef 3,2,13.76809978,13.66909981
Vavau,-18.78326667,-173.9800833,Open,Taunga Outer Reef 3,3,13.76809978,13.66909981
Vavau,-18.78326667,-173.9800833,Open,Taunga Outer Reef 3,4,13.76809978,13.66909981
Vavau,-18.74125,-174.01705,SMA Existing,Taunga SMA 1 (North),1,19.56520081,19.42449951
Vavau,-18.74125,-174.01705,SMA Existing,Taunga SMA 1 (North),2,19.56520081,19.42449951
Vavau,-18.74125,-174.01705,SMA Existing,Taunga SMA 1 (North),3,19.56520081,19.42449951
Vavau,-18.74125,-174.01705,SMA Existing,Taunga SMA 1 (North),4,19.56520081,19.42449951
Vavau,-18.7462,-174.0177833,SMA Existing,Taunga SMA 2 (VIllage),1,18.84059906,18.70499992
Vavau,-18.7462,-174.0177833,SMA Existing,Taunga SMA 2 (VIllage),2,18.84059906,18.70499992
Vavau,-18.7462,-174.0177833,SMA Existing,Taunga SMA 2 (VIllage),3,18.84059906,18.70499992
Vavau,-18.7462,-174.0177833,SMA Existing,Taunga SMA 2 (VIllage),4,18.84059906,18.70499992
Vavau,-18.76951667,-174.00875,SMA Existing,Taunga SMA 3,1,15.94200039,15.82730007
Vavau,-18.76951667,-174.00875,SMA Existing,Taunga SMA 3,2,15.94200039,15.82730007
Vavau,-18.76951667,-174.00875,SMA Existing,Taunga SMA 3,3,15.94200039,15.82730007
Vavau,-18.76951667,-174.00875,SMA Existing,Taunga SMA 3,4,15.94200039,15.82730007
Vavau,-18.67108333,-174.04205,Open,Tu'anuku Wall,1,23.18840027,23.02160072
Vavau,-18.67108333,-174.04205,Open,Tu'anuku Wall,2,23.18840027,23.02160072
Vavau,-18.67108333,-174.04205,Open,Tu'anuku Wall,3,23.18840027,23.02160072
Vavau,-18.67108333,-174.04205,Open,Tu'anuku Wall,4,23.18840027,23.02160072
Vavau,-18.65841667,-174.0034167,FHR 2017,Utulei FHR South,1,26.08699989,25.89929962
Vavau,-18.65841667,-174.0034167,FHR 2017,Utulei FHR South,2,26.08699989,25.89929962
Vavau,-18.65841667,-174.0034167,FHR 2017,Utulei FHR South,3,26.08699989,25.89929962
Vavau,-18.66045,-174.0085833,Open,Utulei Isl North side,1,26.08699989,25.89929962
Vavau,-18.66045,-174.0085833,Open,Utulei Isl North side,2,26.08699989,25.89929962
Vavau,-18.66045,-174.0085833,Open,Utulei Isl North side,3,26.08699989,25.89929962
Vavau,-18.6474,-174.0164833,Open,Utulei Lagoon Island,1,23.91300011,23.74099922
Vavau,-18.6474,-174.0164833,Open,Utulei Lagoon Island,2,23.91300011,23.74099922
Vavau,-18.6474,-174.0164833,Open,Utulei Lagoon Island,3,23.91300011,23.74099922
Vavau,-18.6474,-174.0164833,Open,Utulei Lagoon Island,4,23.91300011,23.74099922
Vavau,-18.65438333,-173.9929333,SMA 2017,Utulei Site 1,1,36.23189926,35.97119904
Vavau,-18.65438333,-173.9929333,SMA 2017,Utulei Site 1,2,36.23189926,35.97119904
Vavau,-18.65438333,-173.9929333,SMA 2017,Utulei Site 1,3,36.23189926,35.97119904
Vavau,-18.66758333,-174.02125,SMA 2017,Utungake SMA,1,28.98550034,28.77700043
Vavau,-18.66758333,-174.02125,SMA 2017,Utungake SMA,2,28.98550034,28.77700043
Vavau,-18.66758333,-174.02125,SMA 2017,Utungake SMA,3,28.98550034,28.77700043
Vavau,-18.66758333,-174.02125,SMA 2017,Utungake SMA,4,28.98550034,28.77700043
Vavau,-18.72098333,-174.0979833,Open,Vakaeitu,1,15.94200039,15.82730007
Vavau,-18.72098333,-174.0979833,Open,Vakaeitu,2,15.94200039,15.82730007
Vavau,-18.72098333,-174.0979833,Open,Vakaeitu,3,15.94200039,15.82730007
Vavau,-18.72098333,-174.0979833,Open,Vakaeitu,4,15.94200039,15.82730007
